
>>> 🇺🇸 美股 <<<
/Users/a1/Library/Python/3.9/lib/python/site-packages/urllib3/__init__.py:35: NotOpenSSLWarning: urllib3 v2 only supports OpenSSL 1.1.1+, currently the 'ssl' module is compiled with 'LibreSSL 2.8.3'. See: https://github.com/urllib3/urllib3/issues/3020
  warnings.warn(
======================================================================
  VCP 扫描器 v3 | 2026-06-26 01:09
  美股池: SP 900 (标普500+400)
  模式: ⚡ 快速
======================================================================
  [网络检测] 测试以下站点...
    Google     [OK]
    YouTube    [OK]
    Yahoo      [OK]
    GitHub     [OK]
  ✅ 网络正常


======================================================================
  【🇺🇸 美股】扫描开始
======================================================================
    读取 S&P 500...
      ✅ S&P 500: 已加载
    读取 S&P 400...
      ✅ S&P 400: 已加载
  ✅ SP 900 共 903 只（去重后）
  前10: MMM, AOS, ABT, ABBV, ACN, ADBE, AMD, AES, AFL, A

📊 扫描 903 只标的...

  📊 获取 SPY 基准...
     SPY 6月涨幅: 6.7%
  📥 US 第 1 批 (30 只)...
  📥 US 第 2 批 (30 只)...
  📥 US 第 3 批 (30 只)...
  📥 US 第 4 批 (30 只)...
  📥 US 第 5 批 (30 只)...
  📥 US 第 6 批 (30 只)...
  📥 US 第 7 批 (30 只)...
  📥 US 第 8 批 (30 只)...
  📥 US 第 9 批 (30 只)...
  📥 US 第 10 批 (30 只)...
  📥 US 第 11 批 (30 只)...
  📥 US 第 12 批 (30 只)...
  📥 US 第 13 批 (30 只)...
  📥 US 第 14 批 (30 只)...
  📥 US 第 15 批 (30 只)...
  📥 US 第 16 批 (30 只)...
  📥 US 第 17 批 (30 只)...
  📥 US 第 18 批 (30 只)...
  📥 US 第 19 批 (30 只)...
  📥 US 第 20 批 (30 只)...
  📥 US 第 21 批 (30 只)...
  📥 US 第 22 批 (30 只)...
  📥 US 第 23 批 (30 只)...
  📥 US 第 24 批 (30 只)...
  📥 US 第 25 批 (30 只)...
  📥 US 第 26 批 (30 只)...
  📥 US 第 27 批 (30 只)...
  📥 US 第 28 批 (30 只)...
  📥 US 第 29 批 (30 只)...
  📥 US 第 30 批 (30 只)...
  📥 US 第 31 批 (3 只)...

======================================================================

🎯 🇺🇸 美股 发现 246 只 VCP 形态标的：

 VCP分    代码    当前价格  RS评级            收缩%  5日振幅%  缩量比例%   突破挂单价  距突破%  距52周高%   10EMA   21EMA    吊灯止损    硬止损价
    3   VMI  582.70    75   10.0/8.2/6.9   6.31  51.74  585.71  0.52    0.51  562.47  547.40  576.55  536.08
    3   UPS  108.81    13   12.6/7.5/7.2   6.37  34.66  109.40  0.54    8.35  107.03  106.20  110.11  100.11
    3    MO   72.89    32    8.8/8.3/6.3   7.71  32.09   73.32  0.60    0.78   70.94   70.50   72.63   67.05
    3   NLY   22.43    36    9.2/8.0/7.9   2.36  51.87   22.58  0.67    5.41   22.17   22.00   22.42   20.64
    3   WBS   75.57    54    3.5/2.7/2.1   1.06  33.57   76.13  0.74    0.74   74.95   74.06   75.64   69.52
    3   WAB  282.67    45    8.1/7.8/5.1   6.59  33.23  284.91  0.79    0.79  272.23  268.32  281.07  260.06
    3   SWX   89.18    22    7.1/6.6/3.8   3.66  37.28   89.96  0.88    4.88   88.53   88.38   89.79   82.04
    3   SON   54.27    28  19.7/12.3/7.6   9.88  28.29   54.81  1.00    5.28   51.48   50.57   53.90   49.93
    3   ONB   25.82    23    8.1/6.6/5.1   6.12  52.22   26.10  1.12    1.11   25.08   24.63   25.76   23.75
    3   DUK  126.73     7    6.7/4.9/3.3   4.34  33.23  128.16  1.13    4.96  125.03  124.53  127.21  116.59
    3  BIIB  204.31    65    9.8/7.5/5.0   6.97  30.74  206.66  1.15    1.14  198.98  197.06  204.19  187.97
    3   AIT  341.47    61   13.1/6.6/5.9   5.01  43.07  345.48  1.17    1.16  330.34  322.89  339.90  314.15
    3  ALLY   46.58    23    9.3/5.7/5.0   5.13  26.56   47.14  1.20    1.29   45.17   44.30   46.48   42.85
    3    ED  110.20    12    6.9/5.9/3.4   5.62  22.22  111.63  1.30    4.39  108.26  107.50  110.63  101.38
    3   PKG  240.34    32  12.4/12.3/6.0   6.66  20.93  243.50  1.31    2.47  231.91  226.96  240.01  221.11
    3  LECO  275.00    39    9.2/7.4/4.0   4.11  38.27  278.81  1.39   11.00  269.47  266.47  275.54  253.00
    3   FHN   25.50    27   15.7/8.4/4.7   4.76  61.60   25.88  1.45    2.57   24.94   24.64   25.58   23.46
    3  TCBI  102.68    36    8.9/4.8/4.3   5.64  32.23  104.17  1.45    5.54  101.13  100.52  103.33   94.47
    3   CDP   34.58    28    8.5/7.2/4.7   5.69  28.58   35.10  1.50    1.48   34.05   33.48   34.63   31.81
    3   AEP  135.46    43    9.9/6.3/2.5   8.31  33.41  137.54  1.53    2.15  131.51  130.28  135.97  124.63
    3    RL  413.49    60   15.4/9.5/5.5   5.43  20.55  419.86  1.54    1.92  404.81  392.16  414.03  380.41
    3  VTRS   16.14    77   21.2/8.6/7.5   9.74  27.83   16.40  1.61    7.28   15.89   15.92   16.55   14.84
    3   MGM   47.45    46  13.7/10.5/7.4   4.53  23.88   48.23  1.64    8.02   47.11   45.95   50.04   43.65
    3     D   69.02    29    7.2/7.0/5.5   3.37  24.77   70.16  1.65    1.62   68.21   67.28   69.52   63.50
    3    GE  373.16    58  22.2/15.7/9.3   9.17  45.02  379.67  1.74    1.71  353.69  339.48  371.34  343.31
    3  AVNT   37.23    14   18.4/8.5/8.1   7.04  29.42   37.88  1.75   15.69   36.62   36.11   37.92   34.25
    3    HR   20.18    41   11.0/6.1/5.5   4.00  20.38   20.54  1.76    3.42   20.22   20.11   20.72   18.57
    3   CHD   98.04     2   10.5/6.9/6.4   6.76  26.81  100.00  1.99    7.24   97.02   96.59   99.26   90.20
    3     L  110.93    23    9.6/7.1/2.5   6.17  23.69  113.15  2.01    3.35  109.18  108.20  111.91  102.05
    3   MSM  117.65    57    8.5/6.7/4.3   4.70  60.87  120.08  2.07    2.03  116.45  114.42  118.49  108.24
    3   JPM  336.42    18   14.5/7.2/4.8   5.95  55.37  343.45  2.09    2.05  327.87  320.24  337.97  309.51
    3   IFF   75.86     3  15.0/11.0/7.1   4.39  20.43   77.58  2.26    9.16   75.81   75.45   79.73   69.80
    3  CGNX   66.17    83  16.6/15.9/8.1   7.98  31.82   67.77  2.42    7.85   64.83   64.19   67.76   60.88
    3   ATI  200.15    86  14.6/14.5/5.2   5.48  28.06  205.31  2.58    2.51  196.57  188.74  200.62  184.14
    3   EXR  145.16     2    6.1/5.0/4.9   3.50  30.15  149.09  2.71    4.35  145.83  144.87  148.78  133.55
    3   WCC  361.02    81  11.9/11.8/6.4   6.84  42.37  371.07  2.78    4.33  356.58  355.04  372.28  332.14
    3   WWD  438.05    75  14.7/11.6/7.4   8.25  18.17  450.92  2.94    2.85  417.90  398.74  437.98  403.01
    3   PSA  315.92     8    7.6/5.4/5.3   3.91  25.15  325.87  3.15    3.90  317.15  313.31  324.58  290.65
    3   NSA   44.23    56    7.2/5.3/5.2   4.01  22.75   45.63  3.17    3.62   44.34   43.78   45.33   40.69
    3   IRM  130.03    30    9.1/9.0/6.4   6.25  38.51  134.68  3.58    3.45  128.94  127.34  133.19  119.63
    3   FIX 1998.62    93  15.3/13.6/8.9   9.76  46.93 2072.31  3.69    3.60 1942.50 1909.12 2030.57 1838.73
    3    PK   14.35    61    7.5/7.3/6.0   6.29  27.91   14.94  4.11    3.98   14.33   13.80   14.56   13.21
    3  CPAY  339.82     2  20.6/13.1/7.5   5.87  36.19  353.94  4.16    7.52  346.81  347.22  363.67  312.63
    3  VOYA   88.90    35   16.4/8.1/6.7   4.67  27.96   93.05  4.66    4.45   89.95   87.89   91.51   81.79
    3   BEN   32.80    57   18.9/5.9/0.6   6.60  24.00   34.42  4.94    4.71   32.79   32.21   33.88   30.18
    2   JHG   51.93    47    1.4/7.0/0.3   0.12  49.59   51.94  0.02    3.40   51.87   51.82   51.91   47.78
    2  MNST   95.58    61   4.0/4.8/-2.6   5.35  33.98   95.83  0.26    0.26   93.03   90.97   94.79   87.93
    2    EA  204.66    28    1.1/2.2/1.0   1.69  56.97  205.21  0.27    0.27  203.47  202.92  204.66  188.29
    2   WST  350.27    64  10.3/10.6/4.4   8.97  52.52  352.18  0.54    0.54  334.25  326.99  347.18  322.25
    2   AES   14.63    55   9.3/20.1/0.6   0.68  34.20   14.71  0.55   16.09   14.66   14.64   14.72   13.46
    2  EXEL   53.35    19    6.6/9.2/5.8   5.71  34.72   53.70  0.66    1.08   52.34   51.68   53.27   49.08
    2  JBHT  276.51    79  11.1/17.8/7.2   4.90  33.19  278.37  0.67    5.80  274.91  273.55  289.73  254.39
    2   LIN  524.29    10    5.9/6.2/3.6   4.11  27.61  527.94  0.70    0.69  516.11  512.70  523.33  482.35
    2   CBT   93.03    25   5.6/12.0/9.9   7.15  23.42   93.68  0.70    0.70   89.44   87.15   92.20   85.58
    2 MOG-A  420.30    86   8.2/11.7/7.0   7.18  48.04  423.37  0.73    0.73  402.18  384.99  412.19  386.67
    2    DE  620.87    21   8.8/13.3/7.9   7.21  37.58  625.47  0.74    7.64  593.23  582.92  613.77  571.20
    2   OKE   88.92    13   8.5/13.0/9.8   7.85  28.26   89.61  0.77    7.44   87.58   87.86   92.62   81.81
    2   SRE   92.51    26    6.7/6.7/3.4   3.77  34.94   93.22  0.77    8.44   91.74   91.48   92.65   85.11
    2   FLG   15.10    48    8.4/9.9/4.9   5.58  49.48   15.23  0.79    1.72   14.84   14.57   15.18   13.90
    2   UNP  265.71    16    3.4/7.0/6.9   4.96  31.20  267.88  0.81    4.51  262.93  264.10  275.64  244.45
    2  TRGP  271.84    67    7.7/9.7/8.1   8.05  28.05  274.25  0.89    2.91  266.12  264.82  274.27  250.09
    2  NVST   26.75    43   9.2/23.6/6.6   7.34  19.90   26.99  0.90   12.06   25.37   24.83   26.46   24.61
    2   KNX   77.28    74 19.2/12.4/12.3   6.53  39.54   77.99  0.92    6.73   76.19   75.48   81.44   71.10
    2  PNFP   98.06     0    4.2/8.5/7.6   3.86  21.87   98.96  0.92   17.32   96.57   96.28   98.47   90.22
    2  CARR   76.04     4 10.7/11.2/11.2   9.38  34.35   76.76  0.95    5.13   71.83   69.72   75.12   69.96
    2   WEC  115.82    12    5.5/8.0/4.7   5.19  28.32  117.03  1.04    2.35  113.98  113.26  116.07  106.55
    2   CFR  152.21    20    5.1/9.5/5.1   5.89  36.54  153.81  1.05    1.04  147.83  144.63  151.40  140.04
    2   VTR   86.88    46   7.4/14.3/5.2   8.64  22.09   87.80  1.06    4.60   84.47   84.25   88.36   79.92
    2   CMS   76.88    11   5.9/10.3/8.2   6.28  35.32   77.70  1.07    3.59   74.63   73.88   76.69   70.73
    2   CFG   70.44    70    4.8/9.5/5.9   6.63  61.12   71.21  1.08    1.07   67.90   66.29   69.96   64.81
    2   OHI   47.18    42   4.8/12.5/4.9   7.99  22.33   47.71  1.12    4.36   46.00   45.91   47.97   43.41
    2   DTE  151.83    17    5.5/9.1/4.6   5.66  17.59  153.57  1.14    1.13  148.02  146.11  151.87  139.68
    2   DGX  205.50    14   5.6/10.6/7.1   7.79  28.39  207.85  1.14    3.33  200.07  198.53  205.94  189.06
    2   AEE  113.45    19    6.1/6.8/6.3   6.13  43.87  114.80  1.19    1.18  110.71  109.65  113.61  104.37
    2    NI   47.79    20    4.9/6.2/4.0   4.76  36.95   48.37  1.20    2.42   47.31   47.09   48.00   43.97
    2  NDSN  304.08    53    2.9/6.8/6.1   7.22  29.48  307.74  1.20    1.19  293.62  289.71  304.31  279.75
    2    RF   29.84    40    1.8/8.9/4.0   6.04  38.92   30.21  1.22    3.52   29.06   28.62   29.86   27.46
    2   ETR  114.44    51    7.0/8.6/7.3   4.83  30.84  115.86  1.24    3.38  112.50  111.65  114.62  105.29
    2   NJR   56.49    33    5.9/9.6/5.2   7.24  22.67   57.19  1.24    2.71   55.58   55.35   56.73   51.97
    2  ZION   68.92    48    4.2/8.3/4.4   5.82  41.01   69.80  1.28    1.26   67.06   65.50   68.76   63.41
    2   ASB   30.70    34    5.1/6.8/4.9   7.08  34.66   31.09  1.29    1.27   29.58   28.94   30.61   28.24
    2  SLAB  217.45    54    1.4/1.7/1.2   1.63  61.59  220.25  1.29    1.56  218.65  218.43  220.42  200.05
    2  PCAR  121.43    33  15.1/16.4/5.1   5.77  24.44  123.03  1.32    7.40  118.50  117.29  121.18  111.72
    2   AME  241.37    42    6.0/9.5/4.5   4.85  30.93  244.71  1.38    1.36  234.55  231.68  241.88  222.06
    2   ROK  479.83    58    5.9/9.4/6.1   6.75  38.15  486.47  1.38    1.37  465.40  459.03  481.16  441.44
    2  UMBF  142.78    47    5.8/8.1/6.6   9.44  45.86  144.79  1.40    1.38  137.02  134.01  142.55  131.36
    2   KEY   23.39    53    4.7/7.8/5.0   5.40  42.69   23.72  1.41    1.39   22.75   22.30   23.36   21.51
    2   PPL   36.80     8   6.4/12.0/5.4   6.45  54.24   37.32  1.41    7.52   36.09   35.87   36.97   33.86
    2    PM  178.23     1   6.4/11.9/7.5   4.91  19.80  180.76  1.42    7.68  178.81  178.97  187.73  163.97
    2   VLY   14.73    71    6.4/7.5/7.1   9.29  44.42   14.94  1.46    1.44   14.31   14.04   14.75   13.55
    2   FNB   19.04    42    4.4/7.4/3.6   6.56  33.12   19.32  1.47    1.45   18.51   18.17   19.06   17.52
    2    EW   90.24    14   6.9/10.1/7.1   7.37  30.86   91.61  1.52    1.50   87.73   86.68   90.65   83.02
    2   PNC  245.26    45    5.9/7.2/3.5   7.64  63.19  249.01  1.53    1.50  236.28  231.36  245.17  225.64
    2  BALL   61.59     5  10.1/12.7/9.4   9.57  25.26   62.54  1.54    9.21   58.75   57.53   61.34   56.66
    2   CNP   43.80    20    5.5/6.5/5.0   6.92  66.13   44.48  1.55    1.53   43.21   42.86   44.09   40.30
    2   EXC   46.77    10    8.9/9.2/4.6   4.51  33.67   47.50  1.56    6.79   46.21   45.82   47.12   43.03
    2  NOVT  158.52    24 12.9/12.7/10.8   8.06  70.30  160.99  1.56    7.76  155.78  155.70  169.25  145.84
    2   USB   60.91    48    4.6/8.3/4.3   7.52  38.76   61.88  1.59    1.57   58.87   57.55   60.88   56.04
    2  FTNT  149.28    51 11.6/11.8/11.3   8.50  50.57  151.67  1.60    1.58  145.84  140.94  148.82  137.34
    2   HWC   74.03    41    6.1/8.5/5.4   7.65  53.96   75.25  1.65    1.62   71.58   70.27   74.22   68.11
    2   XEL   81.51    23    7.0/7.5/6.6   7.78  31.50   82.88  1.67    2.06   79.53   79.00   82.05   74.99
    2  LIVN   81.29    73   7.3/17.0/6.3   6.37  28.22   82.66  1.69    1.66   78.94   76.94   81.31   74.79
    2    KO   80.22    16    4.8/7.1/5.7   3.61  41.77   81.58  1.70    3.93   80.23   80.00   82.68   73.80
    2   AFL  118.20    15    6.4/7.3/3.7   5.03  24.18  120.23  1.72    1.69  117.18  116.49  119.13  108.74
    2   NNN   46.01     9    3.7/5.0/4.4   4.39  21.24   46.80  1.72    1.90   45.76   45.40   46.48   42.33
    2  NTRS  175.38    53   8.6/10.7/8.2   4.50  26.76  178.70  1.90    1.86  173.72  171.36  176.94  161.34
    2  SIGI   94.50     9    6.5/8.4/7.4   5.24  33.48   96.32  1.92    1.88   92.94   91.04   95.01   86.94
    2  LAMR  152.79    38    5.6/9.2/4.1   5.01  18.27  155.78  1.96    2.71  151.62  150.24  154.79  140.57
    2     F   14.27    49  7.5/12.1/11.4   6.20  55.80   14.56  2.00   19.71   14.29   14.40   17.32   13.13
    2  LFUS  482.84    83  13.8/14.1/7.8   7.22  38.32  492.58  2.02    3.54  472.41  466.57  492.55  444.21
    2     R  266.12    72   6.4/13.2/8.3   4.21  29.32  271.51  2.02    6.38  266.17  262.49  279.64  244.83
    2   PPG  123.07     6 27.6/12.4/11.6   7.04  29.18  125.60  2.06    6.63  119.02  116.34  123.66  113.22
    2   WSM  239.59    61 10.4/16.4/12.3   9.87  53.96  244.57  2.08    2.04  226.38  216.58  238.93  220.42
    2   BYD   88.29     9   7.6/10.4/6.7   7.06  22.96   90.13  2.09    2.05   86.51   85.74   88.89   81.22
    2  SPXC  245.70    60 25.8/14.0/11.0   7.96  67.46  251.08  2.19    2.14  237.70  231.43  246.24  226.04
    2   GWW 1359.91    37    4.1/5.0/3.4   5.99  42.47 1390.72  2.27    2.22 1331.31 1306.75 1371.32 1251.12
    2   CMI  721.34    85   9.7/12.3/9.3   7.66  26.16  737.76  2.28    2.23  699.00  686.06  725.36  663.63
    2   AVT   91.06    74  5.1/13.7/12.8   6.47  41.62   93.37  2.54    4.05   89.96   88.60   93.52   83.78
    2   BNY  144.74    67    4.3/5.6/4.3   4.08  23.90  148.50  2.60    2.53  144.33  142.59  147.25  133.16
    2  EXPD  160.57    52   3.8/10.4/5.7   3.77  24.71  164.95  2.73    4.72  161.75  160.84  167.13  147.72
    2   JCI  145.34    47    6.7/8.4/5.9   6.30  51.78  149.38  2.78    2.71  144.08  143.12  147.29  133.71
    2  ODFL  221.27    44 20.6/18.7/14.3   5.53  27.85  228.06  3.07   12.20  224.97  225.56  247.47  203.57
    2  ABNB  142.86     6   7.7/12.8/7.8   6.79  28.40  147.27  3.09    2.99  139.69  137.64  144.99  131.43
    2   HST   24.64    70    3.9/5.6/4.2   4.40  30.71   25.41  3.15    3.05   24.65   24.16   25.08   22.66
    2   ARW  229.35    75    5.4/9.9/7.1   7.68  44.72  237.33  3.48    3.36  227.06  222.55  234.23  211.00
    2   HLT  343.20    40   9.4/10.6/5.3   5.06  52.05  356.15  3.77    4.13  343.83  339.89  353.88  315.74
    2   STT  168.96    69   9.2/13.3/5.6   4.48  32.51  175.46  3.84    3.70  168.81  165.04  173.13  155.45
    2  KEYS  360.35    84  11.8/11.8/9.2   7.75  36.17  374.96  4.06    3.90  354.01  349.69  368.15  331.52
    2    GS 1078.54    68    5.6/9.0/5.0   5.29  34.59 1125.00  4.31    4.13 1077.63 1053.26 1107.40  992.25
    2    ST   49.54    71  10.5/13.1/9.7   8.70  14.33   51.72  4.39    8.06   49.74   49.41   53.09   45.58
    2   TPR  145.76    71   8.8/14.0/7.6   6.52  33.12  152.34  4.51    9.51  146.91  144.77  154.28  134.10
    2   MLI  134.86    72    6.7/8.0/6.5   6.22  35.98  140.96  4.52    4.96  135.83  135.08  139.82  124.07
    2   PWR  708.86    77  10.6/11.7/7.4   8.02  64.68  742.73  4.78   10.13  708.84  708.52  736.58  652.15
    2   ENS  223.86    88   9.1/11.3/8.5   8.25  54.84  235.00  4.98    8.26  225.65  226.28  240.15  205.95
    2    GM   79.33    69   9.5/11.4/7.1   6.29  39.16   83.32  5.03    9.05   80.17   80.31   84.61   72.98
    2   TJX  159.26    31    5.7/9.5/5.3   5.33  53.46  167.29  5.04    6.32  163.43  161.94  167.99  146.52
    2  COLM   63.95     5   8.7/11.6/8.4   6.25  26.28   67.19  5.07    7.40   64.84   64.56   68.40   58.83
    2   UNM   87.75    10    4.6/5.1/3.4   5.55  19.89   92.57  5.49    5.86   89.58   88.13   91.97   80.73
    2   MAR  380.09    51    5.1/9.1/5.1   6.20  35.90  403.26  6.10    7.52  387.90  384.99  406.18  349.68
    2  ARWR   79.54    95  9.8/15.0/13.6   6.61  53.83   84.55  6.29    5.92   78.77   77.30   82.82   73.18
    2   PFG  105.23    47   8.8/12.2/4.3   6.99  62.74  112.45  6.86    6.42  108.47  106.99  111.13   96.81
    2  BURL  325.22    50 10.8/20.3/16.4   8.47  50.75  349.64  7.51    7.57  332.04  327.86  341.73  299.20
    2  CROX  118.15    16 25.7/15.0/12.3   8.85  34.89  127.89  8.24    8.97  122.06  119.81  127.65  108.70
    2   EVR  346.89    31  9.4/17.5/16.2   9.48  28.11  379.72  9.46   10.30  358.83  354.27  375.70  319.14
    1  GTLS  208.83    43    0.5/0.5/1.6   1.18  32.16  209.13  0.14    0.14  208.09  207.78  208.66  192.12
    1  IBOC   76.96    17    5.5/4.4/5.6   5.26  35.67   77.27  0.40    0.40   75.36   74.42   76.50   70.80
    1   CSX   47.37    56    3.4/4.8/6.0   4.75  34.55   47.59  0.46    1.37   46.51   46.33   47.66   43.58
    1    AM   22.77    27   14.4/7.1/7.6   7.97  32.87   22.89  0.51    3.47   21.94   21.73   22.65   20.95
    1  CTRE   39.40    38  13.0/7.9/14.2   9.85  25.69   39.60  0.51    8.54   38.21   38.41   41.32   36.25
    1  LNTH  107.36    35    5.8/6.7/8.6   4.88  32.60  107.99  0.59    0.58  104.66  102.13  106.51   98.77
    1   CMC   73.92    59   7.9/6.5/11.8   5.53  67.06   74.41  0.67   12.63   73.59   73.76   78.84   68.00
    1   SSB  100.42    11    8.2/4.2/4.7   5.40  34.04  101.13  0.71    6.84   98.02   96.88  100.10   92.39
    1   PNW  105.95    21    6.9/4.7/5.9   4.74  43.36  106.73  0.74    0.73  103.72  102.75  105.66   97.47
    1   CVS  104.08    66   14.9/6.0/9.2   7.26  43.09  104.94  0.82    0.81  100.62   97.94  103.18   95.76
    1    PB   72.57     5   17.4/4.4/4.8   3.35  45.55   73.17  0.83    4.34   71.54   70.53   72.37   66.76
    1  EVRG   86.09    30    4.5/3.8/5.1   5.87  35.36   86.81  0.84    0.83   84.18   83.39   86.06   79.20
    1   VLO  252.23    78 11.1/11.2/11.9   9.30  45.73  254.35  0.84    5.04  246.77  247.92  261.87  232.05
    1    TT  501.26    15  11.3/7.7/12.4   7.43  50.93  505.64  0.87    0.87  479.67  472.20  498.12  461.16
    1   UDR   38.93     1    8.1/5.3/6.5   5.74  25.98   39.27  0.87    2.60   38.40   38.19   39.34   35.82
    1   DVA  213.45    59    5.2/5.5/7.9   4.10  34.35  215.33  0.88    0.87  208.66  202.85  212.07  196.37
    1  FITB   56.00    49    8.7/4.4/5.4   7.49  45.86   56.49  0.88    0.88   53.92   52.67   55.56   51.52
    1  CTVA   81.06     6    8.5/6.6/8.2   6.87  20.59   81.78  0.89    5.12   78.61   78.29   80.94   74.57
    1   WMB   76.78    29   7.3/7.3/12.6   9.37  29.31   77.46  0.89    3.41   74.15   73.47   76.94   70.64
    1   EQR   67.01     3    7.9/4.6/7.8   6.29  20.16   67.62  0.91    2.93   66.05   66.05   68.42   61.65
    1   NWE   71.46    55   8.5/5.1/10.1   4.42  22.20   72.11  0.92    4.05   70.46   70.12   71.31   65.74
    1   MTB  235.36    25    4.7/4.2/7.6   5.71  30.99  237.60  0.95    0.94  229.04  224.56  234.44  216.53
    1   KMI   32.95    18  11.0/5.3/11.5   7.69  33.20   33.26  0.96    5.34   32.16   32.04   33.36   30.31
    1   IDA  148.32    37    4.5/6.5/6.6   6.83  38.11  149.75  0.96    0.95  144.26  142.91  148.03  136.45
    1   CPT  112.65     1    2.9/4.1/7.4   5.43  26.64  113.83  1.04    3.38  111.29  110.46  115.27  103.64
    1   MPC  250.96    62  10.5/8.6/12.5   6.48  30.16  253.73  1.10    7.89  250.57  252.13  268.58  230.88
    1   IEX  227.66    33   13.6/6.4/9.1   5.50  17.13  230.18  1.11    1.09  222.52  219.15  227.48  209.45
    1   FTV   61.38    13    8.0/6.8/7.4   3.96  22.09   62.10  1.16    3.08   60.80   60.53   62.71   56.47
    1   TFC   50.60    26   10.3/5.1/8.2   6.72  47.44   51.19  1.17    8.09   49.46   49.14   51.45   46.56
    1  ARMK   54.06    34    5.8/3.3/3.6   3.25  23.55   54.69  1.17    1.58   53.78   53.13   54.52   49.74
    1   DTM  149.24    50    7.6/6.1/9.9   7.98  26.64  151.02  1.19    1.77  144.68  143.43  150.23  137.30
    1  COLB   31.85    54    6.5/4.4/6.5   7.02  52.43   32.24  1.24    1.22   30.97   30.42   31.83   29.30
    1   BKH   74.12    44    8.8/6.3/6.3   4.52  17.14   75.06  1.26    4.91   73.32   73.02   74.28   68.19
    1   OGE   48.68    11    8.7/5.9/6.2   5.07  30.46   49.30  1.27    2.89   47.99   47.74   48.88   44.79
    1  GBCI   50.60    19    9.4/6.3/7.0   8.05  57.75   51.25  1.28    5.61   49.30   48.66   50.62   46.55
    1  UBSI   45.83    32    6.4/4.0/4.9   5.00  57.02   46.42  1.29    1.27   44.98   44.34   45.90   42.16
    1  WTFC  161.23    39    2.8/5.5/6.9   6.59  62.54  163.36  1.32    1.30  157.05  154.76  161.34  148.33
    1   DOV  230.59    27  14.9/8.3/10.9   5.32  24.60  233.65  1.33    2.46  223.57  220.29  230.34  212.14
    1   EIX   74.33    63    9.5/4.4/4.5   6.28  23.31   75.32  1.33    2.48   72.75   72.02   74.58   68.38
    1   KIM   25.26    25    4.6/4.4/6.8   5.35  20.98   25.60  1.33    3.13   25.00   24.66   25.76   23.24
    1   BRX   31.75    29    6.0/5.0/6.1   4.45  31.11   32.19  1.37    3.19   31.56   31.27   32.44   29.21
    1   LNT   75.55    28    5.1/6.4/6.8   5.60  33.65   76.60  1.38    1.36   73.99   73.29   75.80   69.51
    1   FRT  124.08    44    6.1/3.9/5.0   4.70  16.99  125.86  1.43    1.84  123.06  121.75  125.54  114.15
    1   SNA  397.31    34    7.3/5.8/8.6   5.30  41.80  403.00  1.43    1.41  388.27  383.31  398.45  365.53
    1   TTC   96.64    46  4.1/10.8/11.4   8.19  28.73   98.02  1.43    7.33   92.58   91.66   96.41   88.91
    1   FDX  327.64    76   6.0/6.5/11.1   8.61  57.34  332.40  1.45    4.78  325.55  324.46  339.76  301.43
    1   KRG   28.72    41    3.8/3.3/5.3   4.67  19.40   29.14  1.46    2.31   28.46   28.08   29.09   26.42
    1   REG   79.44    15    3.9/4.9/5.4   5.12  26.09   80.62  1.48    1.97   78.59   78.17   80.34   73.08
    1  LSTR  210.10    63 13.7/10.6/11.0   4.88  26.27  213.26  1.50    8.04  211.29  209.08  224.57  193.29
    1  SBUX  103.08    12  16.4/4.9/13.5   5.45  27.68  104.66  1.53    4.77  101.30  100.78  103.41   94.83
    1   TKR  143.41    80   7.7/5.0/13.1   8.66  29.76  145.61  1.53    1.51  138.97  134.50  142.95  131.94
    1   JNJ  244.21    68    9.5/5.7/5.8   9.08  49.59  248.15  1.61    2.42  237.00  234.33  245.05  224.67
    1  GATX  181.38    17  17.7/2.9/18.3   5.48  46.19  184.37  1.65   11.43  177.23  175.91  181.92  166.87
    1  STAG   38.82     7    8.1/4.5/6.3   5.89  52.05   39.47  1.66    2.93   38.43   38.19   39.10   35.71
    1   CNC   64.56    18  14.6/6.6/10.0   8.72  29.02   65.64  1.67    2.99   63.03   61.73   65.44   59.40
    1   LLY 1126.65    50   11.8/8.4/8.8   6.13  34.97 1145.43  1.67    4.74 1116.39 1101.26 1167.89 1036.52
    1  FFIV  386.97    31    9.1/7.2/7.3   5.15  23.42  393.68  1.73    5.97  389.15  386.64  407.10  356.01
    1   EME  861.44    70 17.9/10.4/11.8   5.40  31.10  876.52  1.75    9.51  842.98  842.41  867.61  792.52
    1   CRS  594.71    85 14.8/14.1/18.0   7.14  52.81  605.11  1.75    1.72  568.88  536.80  586.35  547.13
    1  MIDD  173.31    18  25.4/7.8/16.6   8.67  66.52  176.44  1.81    1.78  165.87  161.15  173.16  159.45
    1   APH  165.66    70 17.2/17.9/23.8   8.00  26.74  168.70  1.84    1.80  159.59  153.43  164.98  152.41
    1  CINF  177.49    24    8.6/5.9/8.2   7.25  24.29  180.96  1.96    1.92  172.21  168.64  177.98  163.29
    1  EWBC  129.69    38    6.9/5.0/8.0   5.46  35.39  132.23  1.96    4.64  129.19  127.48  134.12  119.31
    1   BAC   58.04    24   18.4/6.4/9.0   5.65  50.96   59.19  1.99    1.95   56.68   55.22   58.19   53.40
    1     C  145.07    75   12.8/7.5/9.2   3.44  54.43  147.96  1.99    1.95  142.13  137.87  145.15  133.46
    1   TRV  319.45    22    4.5/6.3/7.3   8.04  23.11  325.89  2.01    1.97  311.41  306.42  321.35  293.90
    1    CB  331.11    14    4.8/4.5/7.6   4.93  19.85  337.87  2.04    3.63  328.51  325.92  334.44  304.62
    1  YETI   49.83    68  10.9/9.8/10.1   9.07  12.59   50.86  2.07    3.97   48.84   47.77   51.00   45.84
    1    CL   91.18     4    4.6/5.9/8.7   4.99  27.10   93.08  2.08    7.63   90.31   89.57   92.08   83.89
    1   ALL  231.93    21   5.0/4.5/10.7   8.62  33.91  237.10  2.23    2.18  225.73  221.49  233.14  213.37
    1  HUBB  534.81    40  14.0/8.4/19.8   8.69  35.84  547.33  2.34    5.14  511.68  500.53  537.17  492.03
    1   JBL  380.95    73 13.5/11.2/16.3   8.65  59.50  390.05  2.39   11.19  374.49  369.45  418.99  350.47
    1  SANM  254.08    88 11.9/16.4/20.7   9.89  20.35  260.16  2.39   11.99  250.20  248.51  281.90  233.75
    1   HGV   54.10    36 13.8/11.8/11.9   9.55  36.55   55.40  2.40    2.35   52.43   51.20   54.49   49.77
    1    GL  176.86    56    6.0/3.8/6.0   6.84  42.46  181.15  2.43    2.37  170.93  165.58  177.42  162.71
    1   MTZ  398.33    86  9.3/11.2/15.3   9.40  32.84  408.00  2.43    9.76  384.37  380.39  399.52  366.46
    1   NUE  247.81    80   6.8/7.3/12.3   6.99  42.46  254.11  2.54    8.52  248.10  247.14  266.50  227.99
    1   HON  231.45     8  12.2/3.8/14.3   7.58  39.15  237.37  2.56    6.23  226.19  224.42  236.03  212.93
    1  JAZZ  228.14    83    6.1/7.8/8.8   6.04  21.40  234.08  2.60    6.24  229.04  229.25  239.58  209.89
    1  SIRI   27.99    30  12.8/7.2/12.1   4.86  28.78   28.72  2.63    7.06   27.91   27.80   29.70   25.75
    1   EGP  201.98    22    3.8/3.6/7.2   4.76  31.31  207.58  2.77    2.76  202.34  201.86  206.01  185.82
    1   EPR   57.95     4    3.0/6.0/6.2   4.12  26.56   59.61  2.86    5.03   58.37   58.08   60.41   53.31
    1  CYTK   80.60    87  12.8/9.0/15.8   7.53  32.59   82.95  2.92    2.83   77.43   75.36   81.10   74.15
    1   RRX  228.19    65  10.9/7.2/15.0   9.48  50.48  234.99  2.98    3.45  220.69  215.95  229.97  209.93
    1   LEA  138.07    60  10.4/7.0/10.1   6.17  21.21  142.21  3.00    7.68  139.43  139.76  147.77  127.02
    1    SN  141.60    59 27.7/13.8/17.5   8.55  32.20  145.88  3.03    2.94  135.91  130.14  142.15  130.27
    1   CNO   51.41    45   12.7/2.8/4.5   4.82  35.25   53.03  3.15    3.05   50.97   49.60   52.19   47.30
    1  TWLO  187.24    64 18.7/10.9/24.9   7.81  27.05  193.20  3.18   21.49  192.02  195.05  231.74  172.26
    1   FLR   52.98     4  10.7/8.2/22.0   6.20  34.05   54.79  3.42    7.86   52.12   50.62   53.69   48.74
    1   ELV  385.79     3   5.8/5.8/10.7   4.73  39.97  399.28  3.50    9.65  393.14  393.54  421.78  354.93
    1  CSCO  118.35    73   4.6/5.2/10.6   4.77  36.73  122.89  3.84    9.22  120.01  118.67  128.79  108.88
    1    MS  221.83    69   14.1/4.8/6.1   4.85  42.62  230.47  3.89    3.75  220.37  214.87  226.67  204.08
    1  EQIX 1078.25    37    4.8/3.6/6.8   4.59  39.18 1124.00  4.24    4.07 1087.42 1079.72 1113.55  991.99
    1   HXL   96.82    72  19.4/9.4/14.9   6.93  56.01  100.94  4.25    4.62   96.34   94.50   99.75   89.08
    1  STLD  249.17    80 19.6/10.1/17.0   9.38  39.27  261.99  5.15   13.70  255.65  256.49  283.15  229.24
    1     H  196.60    51   10.6/5.2/6.1   6.51  28.76  206.86  5.22    4.96  196.76  191.94  203.21  180.88
    1  IBKR   92.95    74 19.7/10.0/10.5   6.16  27.43   97.84  5.26    5.00   92.77   90.27   95.70   85.51
    1   EMR  145.06     9   13.9/6.3/7.8   8.50  44.52  152.88  5.39   11.47  144.91  143.37  151.01  133.46
    1  CHRW  178.84    79   16.3/6.2/9.8   8.05  23.90  190.00  6.24   11.45  182.93  182.40  192.41  164.53
    1   ASH   64.17    33   19.5/4.2/8.4   9.22  14.56   68.26  6.37    5.99   64.18   62.23   66.75   59.04
    1   FHI   56.56    37   10.3/6.7/7.3   7.91  23.90   60.17  6.39    6.01   57.90   57.45   59.52   52.03
    1   BWA   69.16    82  15.1/9.9/12.1   9.86  25.31   73.86  6.80   12.26   70.99   70.50   77.39   63.63

  💡 VCP分: 3=3段递减 ✓  2=2段递减  1=仅窄幅整理
======================================================================

======================================================================
  📊 今日 VCP 扫描汇总
  🇺🇸 美股  🎯: 246 只
======================================================================

--- 运行时间: 2026-06-26 01:11:48 CST ---
