======================================================================
  VCP 扫描器 v3 | 2026-10-08 01:11
  美股池: SP 900 (标普500+400)
  模式: 🔍 标准（趋势模板 + 多段评分）
======================================================================
  🗄️  检测到本地价缓存，跳过联网检测，直接离线扫描。

======================================================================
  【🇺🇸 美股】扫描开始
======================================================================
    读取 S&P 500...
      ✅ S&P 500: 已加载
    读取 S&P 400...
      ✅ S&P 400: 已加载
  ✅ SP 900 共 903 只（去重后）
  前10: MMM, AOS, ABT, ABBV, ACN, ADBE, AMD, AES, AFL, A

📊 扫描 903 只标的...

  📊 获取 SPY 基准...
     SPY 6月涨幅: 15.7%
  💾 检测到本地价缓存，直接离线取数（绕开 Yahoo 匿名限流）

======================================================================

🎯 🇺🇸 美股 发现 35 只 VCP 形态标的：

 VCP分   代码    当前价格  RS评级             收缩%  5日振幅%  缩量比例%   突破挂单价  距突破%  距52周高%   10EMA   21EMA    吊灯止损   硬止损价
    3 FAST   50.81     5    10.1/8.6/4.5   4.64  66.97   51.39  1.14    3.99   50.35   50.10   51.03  46.75
    3  APH   88.62    40   14.2/14.1/9.2   7.53  74.57   89.93  1.48    1.46   85.32   83.52   88.43  81.53
    3 CVLT  154.98     0   24.7/11.3/6.9   8.65  69.02  158.29  2.14   13.39  149.68  146.12  155.02 142.58
    3   RS  401.49    43   12.4/12.3/5.9   9.26  64.03  415.62  3.52    7.28  395.55  394.10  411.62 369.37
    3   MU 1045.56    97   14.3/13.4/7.7   8.32  71.65 1108.00  5.97   16.69 1058.37 1033.99 1085.30 961.92
    2  TXN  297.23    56  17.4/16.0/11.9   7.43  54.38  298.75  0.51   11.02  284.54  277.40  293.84 273.45
    2  AME  253.72    36    7.4/12.1/5.4   3.91  63.53  255.41  0.67    2.85  249.35  246.06  252.52 233.42
    2  ROK  450.74    26    9.5/11.5/6.7   6.47  74.75  460.20  2.10    9.37  441.59  436.02  454.15 414.68
    2  WST  372.64    37     4.2/7.9/5.1   4.97  70.61  381.16  2.29    3.46  370.07  364.98  376.95 342.83
    2  FCX   72.56    60    7.9/14.8/8.4   9.16  70.64   74.45  2.60    9.57   71.73   71.77   77.32  66.76
    2 DDOG  278.24    62  14.1/23.0/19.3   5.89  41.58  285.68  2.67    4.95  268.19  256.66  276.31 255.98
    2  HPQ   31.73    14  15.9/17.0/15.5   7.21  63.99   32.85  3.53   12.42   31.81   31.81   35.59  29.19
    2 VTRS   17.54    69    7.1/13.6/6.5   4.97  71.86   18.17  3.59    4.83   17.56   17.33   18.17  16.14
    2  PFE   27.50     6     4.7/6.7/6.3   6.75  67.16   28.95  5.27    5.85   27.96   27.95   28.74  25.30
    1 CPAY  406.79    39     6.6/4.5/9.2   5.36  73.59  406.95  0.04    4.84  398.26  399.61  415.66 374.25
    1    V  370.64     4     4.6/4.3/5.2   4.23  54.17  371.84  0.32    3.87  366.16  367.29  375.14 340.99
    1 EQIX 1047.36    27     8.9/6.3/6.8   5.81  71.22 1052.32  0.47    7.20 1026.63 1029.50 1057.56 963.57
    1  CVX  207.58    29     5.9/5.3/7.8   3.33  63.23  208.69  0.53    4.68  206.56  206.55  215.85 190.97
    1  PSX  269.79    77    6.4/5.4/10.3   7.63  54.65  271.82  0.75    2.65  262.76  258.71  273.81 248.21
    1  APA   44.10    72   9.5/10.2/13.1   7.60  59.60   44.45  0.79    7.04   43.43   43.34   46.73  40.57
    1   SN  184.72    75    9.6/7.2/19.3   4.98  41.73  186.32  0.87    5.05  179.79  177.15  182.99 169.94
    1  XOM  164.48    44     6.3/7.9/8.1   3.20  66.38  165.95  0.89    6.76  163.16  162.57  168.07 151.32
    1  VLO  419.22    88   11.9/8.1/12.9   9.99  61.88  422.99  0.90    0.89  402.40  391.38  415.87 385.68
    1  CAH  233.44    49   9.4/11.9/13.1   6.25  62.10  235.95  1.08    9.62  228.35  229.10  245.59 214.76
    1  DVN   48.02    35     8.2/7.2/8.3   6.14  63.52   48.56  1.12    8.90   47.61   47.74   51.00  44.18
    1 NDSN  334.22    42     8.9/4.0/8.1   4.16  72.64  338.18  1.18    1.44  328.79  324.05  334.53 307.48
    1  ADM   82.21    28   14.3/9.5/12.0   6.53  56.95   83.20  1.20    7.37   81.52   82.14   87.54  75.63
    1  TTC   98.89    25     6.9/4.5/9.7   5.27  62.60  100.21  1.33    5.99   97.45   96.60   99.17  90.98
    1   DE  682.79    50    7.7/5.7/10.7   7.57  60.68  692.83  1.47    5.33  682.63  678.41  712.45 628.17
    1 LFUS  454.28    67    16.6/6.2/9.9   9.62  73.72  461.34  1.55    9.25  437.49  428.95  453.34 417.94
    1 AAPL  333.63    26    12.9/3.2/5.7   4.20  67.62  339.50  1.76    3.39  333.57  331.42  341.31 306.94
    1 COKE  194.61    55     5.2/7.7/8.7   6.43  73.86  198.49  1.99   11.40  192.03  191.95  200.00 179.04
    1  CNH   13.27    19   16.6/8.2/12.0   9.51  59.31   13.59  2.41    8.23   13.25   13.14   14.23  12.21
    1 CORT  119.57    31 -53.5/10.8/14.3   9.71  59.21  122.81  2.71    5.39  116.92  115.57  121.16 110.00
    1 GILD  144.23    17    9.2/-3.9/6.3   6.09  61.26  151.28  4.89    8.30  147.35  147.56  152.88 132.69

  💡 VCP分: 3=3段递减 ✓  2=2段递减  1=仅窄幅整理
======================================================================

======================================================================
  📊 今日 VCP 扫描汇总
  🇺🇸 美股  🎯: 35 只
======================================================================
