/Users/a1/Library/Python/3.9/lib/python/site-packages/urllib3/__init__.py:35: NotOpenSSLWarning: urllib3 v2 only supports OpenSSL 1.1.1+, currently the 'ssl' module is compiled with 'LibreSSL 2.8.3'. See: https://github.com/urllib3/urllib3/issues/3020
  warnings.warn(
======================================================================
  VCP 扫描器 v3 | 2026-07-31 13:57
  美股池: SP 900 (标普500+400)
  模式: 🔍 标准（趋势模板 + 多段评分）
======================================================================
  [网络检测] Yahoo 数据接口: 可达 (HTTP 403)
  ✅ 网络正常


======================================================================
  【🇺🇸 美股】扫描开始
======================================================================
    读取 S&P 500...
      ✅ S&P 500: 已加载
    读取 S&P 400...
      ✅ S&P 400: 已加载
  ✅ SP 900 共 903 只（去重后）
  前10: MMM, AOS, ABT, ABBV, ACN, ADBE, AMD, AES, AFL, A

📊 扫描 903 只标的...

  📊 获取 SPY 基准...
     SPY 6月涨幅: 17.3%
  💾 检测到本地价缓存，直接离线取数（绕开 Yahoo 匿名限流）

======================================================================

🎯 🇺🇸 美股 发现 58 只 VCP 形态标的：

 VCP分   代码    当前价格  RS评级            收缩%  5日振幅%  缩量比例%   突破挂单价  距突破%  距52周高%   10EMA   21EMA    吊灯止损   硬止损价
    3 VOYA  100.27    69    8.1/6.7/4.9   4.04  72.79  100.47  0.20    3.45   98.86   97.22  102.30  92.25
    3   RF   30.85    28    8.9/4.9/0.1   2.62  57.57   31.34  1.59    4.99   30.95   30.71   32.14  28.38
    3   CF  125.77    56  22.2/14.7/8.4   7.29  59.31  127.83  1.64   11.40  123.51  120.33  127.49 115.71
    3  AMP  544.46     6    9.3/7.0/5.2   8.36  59.73  553.46  1.65    1.63  533.01  518.45  541.60 500.90
    3 HOMB   31.16    11    6.4/4.7/4.5   3.09  71.05   31.70  1.73    1.70   30.80   30.09   31.29  28.67
    3  BAC   61.73    46   18.9/9.0/4.0   3.41  67.18   62.99  2.04    2.00   61.45   60.44   62.29  56.79
    3 IBOC   76.34    13    5.6/5.2/4.3   2.62  51.50   78.02  2.20    2.70   76.48   76.14   77.61  70.23
    3  WTS  344.12    48    8.3/6.0/5.1   5.35  46.86  351.99  2.29   12.78  344.30  345.69  387.67 316.59
    3  UNH  421.47    86   11.4/7.3/4.2   4.96  57.32  431.68  2.42    8.70  423.50  421.76  455.90 387.75
    3 MIDD  133.32    15  16.6/12.6/7.7   6.29  52.46  138.74  4.07   10.25  133.66  133.71  146.23 122.65
    3  MSM  121.46    64    8.5/6.7/4.3   6.93  72.22  127.89  5.29    5.69  123.83  122.83  127.39 111.74
    3 YETI   49.64    55   10.1/9.2/7.9   6.86  73.95   52.36  5.48    6.71   50.52   50.00   52.46  45.67
    2  IFF   79.48    12  7.9/11.2/10.0   8.90  69.22   80.35  1.09    5.89   77.82   77.50   82.50  73.12
    2 SEIC  103.04    19    4.4/7.7/6.5   8.32  71.31  104.47  1.39    1.37  100.42   97.83  102.38  94.80
    2 EWBC  130.91    45    5.0/8.0/5.3   2.43  74.46  132.89  1.51    3.91  131.24  131.01  135.20 120.44
    2  FNB   18.99    30    4.3/6.6/5.5   2.66  52.23   19.31  1.69    3.06   18.99   18.91   19.44  17.47
    2  ASB   30.76    31    5.8/6.7/6.0   4.58  68.50   31.29  1.72    3.36   30.79   30.62   31.55  28.30
    2 VTRS   17.76    94   -5.3/7.5/7.1   5.06  59.48   18.07  1.75    1.72   17.45   17.08   17.81  16.34
    2  PNC  248.71    46    5.9/7.2/3.5   2.79  65.78  253.50  1.93    3.03  250.16  248.69  255.15 228.81
    2 MUSA  616.10    87  17.7/18.8/7.2   6.63  61.54  628.24  1.97    3.14  610.59  599.90  623.17 566.81
    2 CASY  867.50    85  5.8/18.0/17.8   5.36  42.84  885.49  2.07    6.50  857.64  846.22  871.80 798.10
    2  AFL  127.36    39    6.4/7.7/3.7   5.23  68.19  130.22  2.25    2.20  126.04  123.90  128.74 117.17
    2  DVA  238.86    88    5.5/7.9/4.0   5.75  50.54  244.49  2.36    2.30  236.65  231.92  241.39 219.75
    2 BROS   65.43    11   8.4/15.7/9.9   6.86  67.85   67.24  2.77   12.35   65.25   65.49   72.70  60.20
    2  CCK  118.37    23    8.0/8.2/6.0   7.50  61.02  121.90  2.98    2.90  117.41  114.49  120.35 108.90
    2  OXY   55.95    37   9.0/21.0/8.9   7.78  63.63   57.93  3.54   17.05   55.48   54.76   57.72  51.47
    2  TOL  150.03    35   5.6/12.7/7.8   6.58  70.79  155.93  3.93   10.89  150.61  150.75  163.13 138.03
    2  DOC   22.06    43    6.8/7.3/3.8   4.84  71.18   22.95  4.03    3.88   22.29   21.97   22.76  20.30
    2  MRK  129.79    84    7.1/9.6/7.8   6.13  73.85  135.05  4.05    3.89  129.15  127.21  133.36 119.41
    2  MUR   38.21    77  14.1/17.1/9.9   9.77  68.08   39.77  4.08   11.84   37.54   36.72   39.22  35.15
    2 CTRE   41.64    47   7.9/14.2/5.3   6.21  52.63   43.62  4.76    4.54   42.25   41.68   43.11  38.31
    2  AHR   55.73    71   4.5/14.6/5.8   6.26  59.91   58.70  5.33    5.06   56.62   55.35   57.78  51.27
    2  HWM  277.28    78   7.5/11.0/5.5   9.26  71.90  295.28  6.49    6.10  279.79  277.18  291.75 255.10
    1   RL  385.91    41  15.4/9.5/13.0   5.78  60.01  388.13  0.58    8.47  380.16  382.69  402.93 355.04
    1  UAL  123.56    63 14.9/13.7/19.6   7.60  56.92  124.68  0.91   10.96  120.68  120.98  135.68 113.68
    1 ARWR   87.32    99  13.6/8.4/20.4   6.51  59.12   88.16  0.96    8.56   83.71   81.53   92.58  80.33
    1 ZION   69.46    42    4.4/4.5/7.6   2.48  74.66   70.19  1.05    5.29   69.62   69.48   72.70  63.90
    1 NTRS  182.51    65    8.2/4.5/8.6   4.17  67.90  184.49  1.08    4.74  181.32  180.64  189.49 167.91
    1  DAL   88.59    85   9.6/8.9/15.7   8.79  74.50   89.69  1.24    7.41   86.54   86.32   93.97  81.50
    1 PNFP  104.84    23    7.6/5.6/9.1   8.81  65.89  106.63  1.71    2.02  102.52  101.10  105.24  96.45
    1 CRWD  185.22    83 21.4/13.6/19.9   8.25  74.91  188.50  1.77   14.84  186.19  186.96  212.57 170.40
    1  EOG  145.51    27    9.7/5.9/6.3   6.70  45.90  148.22  1.86    4.19  142.64  140.24  145.84 133.87
    1  VLY   14.32    78    7.1/4.5/7.8   2.53  66.01   14.61  2.03    5.79   14.46   14.50   15.06  13.17
    1 NTAP  173.98    86  11.7/9.3/11.7   9.09  57.91  178.29  2.48    9.78  169.50  166.18  175.20 160.06
    1  BNY  156.08    76    4.3/4.5/7.4   5.65  63.02  160.25  2.67    4.70  156.42  154.46  161.47 143.59
    1   PK   15.06    68    7.5/7.3/8.2   6.06  59.38   15.48  2.79    2.71   14.95   14.69   15.27  13.86
    1 NDSN  295.23    60    6.8/6.1/8.9   3.54  61.58  303.49  2.80    4.07  294.41  292.74  303.59 271.61
    1  CAH  227.07    72    9.5/4.9/9.4   4.42  64.50  234.02  3.06    6.64  228.54  228.37  240.61 208.90
    1    D   69.73    23    6.4/4.0/4.4   4.10  45.61   71.93  3.16    4.47   70.47   70.13   72.35  64.15
    1   GE  355.04    47  15.7/9.3/12.1   5.50  67.38  366.77  3.30    7.29  353.86  353.30  377.69 326.64
    1  SPG  230.44    66    3.2/5.3/7.3   5.61  61.47  238.50  3.50    3.38  230.11  226.65  235.58 212.00
    1  WST  339.59    68   4.4/5.0/15.7   8.15  70.15  351.79  3.59   12.02  343.55  346.00  379.10 312.42
    1  NJR   58.58    38    9.6/5.2/5.4   4.18  62.06   60.86  3.89    3.75   59.08   58.47   60.30  53.89
    1   RS  401.02    61  19.6/7.7/12.4   5.52  62.14  417.46  4.10    4.48  399.21  394.36  411.81 368.94
    1 BIIB  207.93    82   7.5/5.0/15.3   9.62  70.31  218.59  5.13    5.37  204.33  203.38  215.27 191.30
    1  TKR  136.11    89   13.4/7.9/8.4   9.11  73.34  143.17  5.19    7.01  138.03  138.19  144.65 125.22
    1 SAIC  115.72     4  5.1/11.5/20.3   7.74  52.49  122.61  5.95    6.23  116.61  114.76  120.63 106.46
    1  URI 1068.63    26   6.7/5.5/13.0   9.29  69.37 1150.06  7.62    9.26 1080.09 1076.88 1156.90 983.14

  💡 VCP分: 3=3段递减 ✓  2=2段递减  1=仅窄幅整理
======================================================================

======================================================================
  📊 今日 VCP 扫描汇总
  🇺🇸 美股  🎯: 58 只
======================================================================

--- 运行时间: 2026-07-31 14:00:20 CST ---
