======================================================================
  VCP 扫描器 v3 | 2026-09-09 23:28
  美股池: SP 900 (标普500+400)
  模式: 🔍 标准（趋势模板 + 多段评分）
======================================================================
  🗄️  检测到本地价缓存，跳过联网检测，直接离线扫描。

======================================================================
  【🇺🇸 美股】扫描开始
======================================================================
    读取 S&P 500...
      ✅ S&P 500: 已加载
    读取 S&P 400...
      ✅ S&P 400: 已加载
  ✅ SP 900 共 903 只（去重后）
  前10: MMM, AOS, ABT, ABBV, ACN, ADBE, AMD, AES, AFL, A

📊 扫描 903 只标的...

  📊 获取 SPY 基准...
     SPY 6月涨幅: 16.9%
  💾 检测到本地价缓存，直接离线取数（绕开 Yahoo 匿名限流）

======================================================================

🎯 🇺🇸 美股 发现 47 只 VCP 形态标的：

 VCP分   代码   当前价格  RS评级            收缩%  5日振幅%  缩量比例%  突破挂单价  距突破%  距52周高%  10EMA  21EMA   吊灯止损   硬止损价
    3 SLAB 219.82    74    1.6/0.9/0.9   1.59  51.95 222.49  1.21    1.20 219.66 219.18 221.94 202.23
    3  BEN  34.12    53    9.1/8.4/7.2   6.91  61.27  35.10  2.87    5.95  34.16  34.08  35.10  31.39
    3  OSK 152.04    12   13.8/8.3/7.8   7.71  48.54 159.00  4.58   15.76 153.89 153.35 158.07 139.88
    3 GILD 145.65    33  11.5/9.2/-3.9   5.21  71.59 152.55  4.74    7.40 147.52 144.82 150.17 134.00
    3 ZBRA 344.83    15   11.2/9.6/9.3   6.73  58.34 365.00  5.85   10.72 354.26 351.05 381.20 317.24
    3  WEX 185.89     9  29.2/17.1/5.5   6.28  54.40 196.79  5.86    8.87 191.70 190.89 201.48 171.02
    3 TWLO 227.19    89  21.6/16.5/9.1   8.63  70.41 241.01  6.08   12.06 230.39 227.85 253.52 209.01
    2    C 137.80    55   9.2/12.2/8.0   4.41  62.71 138.55  0.54    6.87 135.63 135.00 139.60 126.78
    2  MLI  63.71    38  8.0/23.2/15.9   4.87  72.09  64.13  0.66   10.42  63.27  63.68  68.80  58.61
    2 EXPD 188.31    67   5.7/10.4/4.2   2.91  62.61 189.65  0.71    2.06 187.71 185.99 190.52 173.25
    2  EHC 121.52     2    6.7/6.9/6.8   3.49  63.54 123.15  1.34    5.06 121.25 120.43 126.51 111.80
    2  ARW 214.73    75   8.2/15.6/9.5   8.41  70.17 218.00  1.52    9.52 211.40 210.50 218.64 197.55
    2  NOV  21.52    72  7.5/16.5/10.4   3.93  74.41  21.93  1.91    1.87  21.23  20.89  21.64  19.80
    2 KEYS 331.01    85  11.8/16.3/4.7   8.18  57.21 337.53  1.97   11.72 326.58 327.11 359.64 304.53
    2   PK  15.28    36    7.3/8.2/7.8   5.36  65.45  15.72  2.88    5.68  15.35  15.32  15.98  14.06
    2  APH  81.34    47  7.4/14.2/14.1   8.10  71.57  84.00  3.27    8.87  81.10  80.84  85.20  74.83
    2  KDP  32.08    19  11.4/13.5/3.6   3.88  73.85  33.17  3.40    5.14  32.22  31.83  32.66  29.51
    2  NUE 257.91    83  7.3/20.8/14.8   6.04  73.99 268.47  4.09    7.93 256.91 256.31 273.17 237.28
    2 HSIC  87.97    37    6.1/6.9/4.2   4.61  63.32  91.69  4.23    4.57  89.33  89.06  91.21  80.93
    2 NVDA 223.67    31  11.3/11.4/9.1   7.45  61.49 234.76  4.96    5.44 223.16 220.02 231.63 205.78
    2  NWS  33.08     7  4.8/11.6/10.1   6.82  73.08  34.93  5.59    7.49  33.98  33.77  35.34  30.43
    2 BIIB 210.73    63   5.0/15.3/8.0   8.04  65.35 225.80  7.15    6.67 216.85 215.32 222.98 193.87
    2 VRTX 521.12    43   6.7/12.0/5.7   7.72  71.19 560.25  7.51    6.98 539.45 533.28 553.66 479.43
    1  THC 269.08    51  14.5/6.9/10.4   6.61  65.82 270.27  0.44    4.94 265.45 262.65 279.69 247.55
    1 WTRG  42.00    11    5.2/6.1/7.5   4.02  66.07  42.40  0.95    0.94  41.47  40.98  42.01  38.64
    1  JCI 144.92    43   9.9/6.9/12.4   6.91  74.90 147.05  1.47    7.73 143.46 144.22 154.65 133.33
    1  DLR 189.08     8  5.7/10.8/10.8   6.87  51.53 192.09  1.59    9.16 188.50 189.33 199.08 173.95
    1 DINO 108.14    87  8.8/14.2/14.6   6.54  63.96 109.86  1.59    1.57 103.69  99.03 106.81  99.49
    1  DAR  67.51    89 19.2/12.1/15.7   7.79  69.69  68.65  1.69    3.53  66.04  65.02  68.73  62.11
    1  AVT  91.74    77   7.2/8.6/14.5   7.82  67.63  93.49  1.91    8.26  90.98  90.88  97.86  84.40
    1  PBF  76.51    93 18.5/15.2/21.2   7.95  67.38  77.98  1.92    1.89  74.22  71.86  76.27  70.39
    1 TRGP 291.38    81    8.1/5.8/7.8   3.62  73.41 298.18  2.33    5.38 291.78 288.02 302.21 268.07
    1 EXEL  58.33    67   5.8/5.5/12.3   5.33  72.09  59.72  2.38    2.33  57.19  56.03  58.61  53.66
    1  FHI  61.18    18    9.5/6.3/7.8   4.22  71.54  62.86  2.75    8.96  62.40  62.64  65.41  56.29
    1  ATI 206.54    93 13.0/14.5/18.5   6.97  67.53 212.29  2.78   15.20 207.96 209.05 238.44 190.02
    1  SSB 105.35     7    5.2/4.1/7.5   3.43  58.06 108.40  2.90    6.11 106.39 106.56 111.24  96.92
    1  CHE 518.57    17    8.7/6.5/9.0   4.85  66.21 533.69  2.92    6.90 523.39 525.81 550.73 477.08
    1 LECO 271.52    13    6.5/4.9/8.9   4.98  74.30 279.98  3.12   12.41 276.63 276.88 289.68 249.80
    1 ALSN 128.14    57   5.7/9.5/10.5   9.81  56.81 132.41  3.33    6.89 128.25 126.71 132.93 117.89
    1  SNX 258.23    78    8.4/6.9/8.1   8.14  70.52 267.30  3.51   12.90 257.07 255.77 264.59 237.57
    1  CAH 240.00    71   4.9/9.4/11.9   4.57  52.28 249.29  3.87    7.08 240.61 238.05 254.82 220.80
    1  IVZ  32.09    58   10.2/4.5/6.2   5.34  64.67  33.34  3.90    4.66  32.42  32.13  33.37  29.52
    1 CRWD 207.80    86 13.6/19.9/20.3   8.83  59.50 218.31  5.06   11.15 210.39 208.25 227.90 191.18
    1 AVNT  41.90    16   11.1/6.9/7.5   5.96  73.10  44.29  5.70   10.16  43.19  43.04  46.09  38.55
    1  BMY  64.41    48    7.6/3.6/7.5   6.19  61.78  68.24  5.95    6.16  66.20  65.83  68.00  59.26
    1  FLR  54.83    41 12.7/12.4/12.6   6.65  69.49  58.35  6.42    6.03  55.22  54.13  57.47  50.44
    1  HOG  26.67     0  17.0/9.5/15.9   8.48  57.89  28.86  8.21   14.66  27.47  27.31  28.49  24.54

  💡 VCP分: 3=3段递减 ✓  2=2段递减  1=仅窄幅整理
======================================================================

======================================================================
  📊 今日 VCP 扫描汇总
  🇺🇸 美股  🎯: 47 只
======================================================================
