======================================================================
  VCP 扫描器 v3 | 2026-09-29 01:09
  美股池: SP 900 (标普500+400)
  模式: 🔍 标准（趋势模板 + 多段评分）
======================================================================
  🗄️  检测到本地价缓存，跳过联网检测，直接离线扫描。

======================================================================
  【🇺🇸 美股】扫描开始
======================================================================
    读取 S&P 500...
      ✅ S&P 500: 已加载
    读取 S&P 400...
      ✅ S&P 400: 已加载
  ✅ SP 900 共 903 只（去重后）
  前10: MMM, AOS, ABT, ABBV, ACN, ADBE, AMD, AES, AFL, A

📊 扫描 903 只标的...

  📊 获取 SPY 基准...
     SPY 6月涨幅: 16.2%
  💾 检测到本地价缓存，直接离线取数（绕开 Yahoo 匿名限流）

======================================================================

🎯 🇺🇸 美股 发现 42 只 VCP 形态标的：

 VCP分   代码    当前价格  RS评级            收缩%  5日振幅%  缩量比例%   突破挂单价  距突破%  距52周高%   10EMA   21EMA    吊灯止损   硬止损价
    3  TGT  157.45    67   12.7/8.2/6.2   3.96  74.99  160.05  1.65    7.79  157.59  157.76  165.59 144.85
    3 FCFS  217.45    40   11.2/9.1/3.5   3.64  69.19  223.13  2.61    8.99  218.69  219.18  232.01 200.05
    3 ANET  206.55    45  14.9/12.1/7.3   6.66  69.93  212.00  2.64    3.88  201.75  198.06  208.51 190.03
    2  TXN  278.07    51 17.4/16.0/11.9   6.28  59.06  278.69  0.22   16.75  269.20  267.26  275.22 255.82
    2  TER  398.38    90 20.6/26.6/15.4   8.10  54.13  400.46  0.52   18.35  378.87  372.34  392.00 366.51
    2 GRMN  294.14    13   7.0/14.7/4.7   8.98  57.49  297.19  1.04    6.41  285.31  283.69  293.87 270.61
    2 ENTG  151.89    58 30.9/14.5/11.9   9.60  52.24  153.60  1.13   18.75  144.68  142.06  150.44 139.74
    2 AAPL  341.07    32   4.7/12.9/3.2   3.69  64.26  345.34  1.25    1.24  335.42  329.94  341.19 313.78
    2  AMD  630.63    93 12.6/12.8/10.3   9.74  73.71  639.00  1.33    1.31  584.64  547.98  616.44 580.18
    2  ETN  439.98    14 14.2/10.1/10.1   4.99  66.50  447.33  1.67    7.95  428.39  421.96  440.22 404.78
    2 ABBV  264.34     9    7.1/9.8/6.6   3.12  53.97  269.39  1.91    1.87  263.28  261.09  266.82 243.19
    2 SAIC  132.61    34   4.6/14.0/5.0   4.67  71.96  135.29  2.02    7.04  131.86  130.20  140.39 122.00
    2 MRVL  261.94    91 24.7/40.7/21.2   9.18  55.72  267.48  2.11   20.60  249.71  239.83  259.88 240.98
    2 KRYS  345.82    75 15.0/19.5/11.1   6.44  50.65  353.84  2.32    9.60  343.70  344.88  368.59 318.15
    2   MU 1082.28    97 27.1/14.3/13.4   7.64  63.46 1108.72  2.44   13.76 1037.35 1003.51 1085.30 995.70
    2 SWKS   89.34     4 18.6/30.0/10.9   7.00  70.54   92.80  3.87    3.73   87.29   82.39   89.58  82.19
    2 FFIV  443.06    34  7.3/15.6/11.6   6.93  70.60  462.00  4.27    4.10  437.36  424.46  452.92 407.62
    2 NTNX   68.03     0  10.8/12.3/4.4   4.61  67.82   71.08  4.48   13.28   68.68   67.83   73.33  62.59
    2 FTNT  173.46    80 -1.8/15.6/13.9   8.34  51.64  181.37  4.56    4.36  172.55  168.21  177.75 159.58
    2  HAE  105.30    84    6.3/8.8/8.3   5.32  68.98  110.28  4.73    4.66  106.27  104.45  109.32  96.88
    2  CNH   13.09    14  12.5/16.6/8.2   8.96  68.11   14.11  7.79    9.47   13.43   13.11   14.11  12.04
    1  NVT  164.41    64 19.5/11.4/12.1   4.63  62.91  164.52  0.07   10.96  159.30  157.49  162.17 151.26
    1 NDSN  325.77    44    8.9/4.0/8.1   5.22  73.03  326.70  0.29    3.94  318.47  316.74  335.36 299.71
    1  ARW  232.80    74   15.6/9.5/9.8   7.75  58.70  233.94  0.49    1.91  222.52  218.18  230.20 214.18
    1 SLAB  221.24    64    0.9/0.9/2.5   0.94  57.19  222.36  0.51    0.56  220.79  220.20  221.85 203.54
    1 VRTX  526.19    29  12.0/5.7/10.6   5.58  64.63  528.99  0.53    6.08  519.82  522.06  553.52 484.09
    1 LFUS  429.22    61   16.6/6.2/9.9   6.68  57.41  431.71  0.58   14.25  416.71  416.54  428.90 394.88
    1  IEX  230.08    42    6.4/5.7/9.6   4.99  74.10  231.79  0.74    5.63  226.38  226.54  233.77 211.67
    1  WCC  367.44    65   12.9/7.4/9.6   7.62  48.51  371.40  1.08    4.65  355.64  351.24  366.45 338.04
    1 NTAP  201.15    63  9.3/11.7/23.0   6.82  59.45  203.91  1.37    3.78  195.56  192.90  199.03 185.06
    1  JNJ  271.22    49    8.9/4.6/7.3   3.84  59.93  275.23  1.48    3.50  269.65  268.82  278.75 249.52
    1 ROKU  152.68    53    2.9/3.1/4.3   2.02  72.20  155.27  1.70    4.51  154.08  154.43  158.90 140.47
    1   SN  177.74    62   9.6/7.2/19.3   9.58  68.15  181.09  1.88    8.64  171.67  172.34  190.28 163.52
    1  THC  259.71    22  14.5/6.9/10.4   6.57  74.50  265.20  2.11    8.25  259.55  260.82  274.83 238.93
    1 NVDA  225.07    17  11.4/9.1/11.0   4.02  73.69  229.98  2.18    4.85  223.26  221.34  231.82 207.06
    1  STX  916.83    94 23.7/12.8/18.1   9.41  61.84  936.94  2.19   19.93  879.44  862.50  916.65 843.48
    1  WST  370.44    43   15.7/4.2/7.9   6.00  66.80  382.71  3.31    4.03  365.42  358.67  376.95 340.80
    1  FCX   72.31    74  11.1/7.9/14.8   5.78  56.22   74.90  3.58    9.88   72.20   72.09   78.74  66.53
    1 EBAY  107.90     9   12.7/5.9/8.9   5.46  60.08  112.25  4.03    9.56  108.47  107.78  112.06  99.27
    1 DXCM   86.62    24  11.8/5.5/10.9   4.67  40.56   90.39  4.35    6.45   87.57   87.37   91.20  79.69
    1  DGX  236.32    19    3.3/7.5/8.7   9.51  71.14  248.84  5.30    5.03  238.76  238.89  246.39 217.41
    1  BBY   90.51    12  8.8/13.4/15.0   8.91  67.66   96.53  6.65    6.24   91.59   90.23   94.28  83.27

  💡 VCP分: 3=3段递减 ✓  2=2段递减  1=仅窄幅整理
======================================================================

======================================================================
  📊 今日 VCP 扫描汇总
  🇺🇸 美股  🎯: 42 只
======================================================================
