======================================================================
  VCP 扫描器 v3 | 2026-08-19 21:51
  美股池: SP 900 (标普500+400)
  模式: 🔍 标准（趋势模板 + 多段评分）
======================================================================
  🗄️  检测到本地价缓存，跳过联网检测，直接离线扫描。

======================================================================
  【🇺🇸 美股】扫描开始
======================================================================
    读取 S&P 500...
      ✅ S&P 500: 已加载
    读取 S&P 400...
      ✅ S&P 400: 已加载
  ✅ SP 900 共 903 只（去重后）
  前10: MMM, AOS, ABT, ABBV, ACN, ADBE, AMD, AES, AFL, A

📊 扫描 903 只标的...

  📊 获取 SPY 基准...
     SPY 6月涨幅: 20.5%
  💾 检测到本地价缓存，直接离线取数（绕开 Yahoo 匿名限流）

======================================================================

🎯 🇺🇸 美股 发现 39 只 VCP 形态标的：

 VCP分   代码   当前价格  RS评级            收缩%  5日振幅%  缩量比例%  突破挂单价  距突破%  距52周高%  10EMA  21EMA   吊灯止损   硬止损价
    3 AMCR  47.45     9    8.7/6.9/6.6   5.97  65.34  47.49  0.07    6.85  46.45  45.89  47.31  43.65
    3 SCHW 110.88    14   10.1/7.6/4.4   3.03  68.95 112.20  1.19    1.18 109.51 107.11 110.75 102.01
    3  ALL 259.74    23    8.3/8.0/7.2   4.35  48.88 266.57  2.63    6.31 261.38 259.94 274.06 238.96
    3   BC  81.61    37   15.3/7.9/7.5   6.56  73.45  83.87  2.77    9.57  81.48  81.19  83.83  75.08
    3  BAC  63.17    38   18.9/9.0/4.0   3.58  60.09  65.23  3.26    3.16  63.67  62.84  64.64  58.12
    3  SWK  99.80    46   10.8/6.6/6.2   6.55  55.24 104.59  4.80    4.66 100.30  98.20 102.60  91.82
    3   RF  30.59    19    8.9/4.9/0.1   5.12  74.26  32.11  4.97    5.79  31.42  31.29  32.04  28.14
    3 TXRH 202.93    17    7.8/5.6/4.1   6.69  55.64 216.30  6.59    6.18 205.83 203.76 213.20 186.70
    2 BIIB 221.56    68   5.0/15.3/8.0   7.00  72.52 222.15  0.27    0.27 211.01 208.15 219.28 203.84
    2  NLY  23.74    12    4.5/6.2/3.6   3.15  70.65  23.91  0.72    3.18  23.28  23.07  23.70  21.84
    2  VLO 346.26    92  11.6/11.9/8.1   7.63  65.53 351.00  1.37    1.35 333.99 320.43 344.23 318.56
    2 AMZN 265.84    20 17.9/12.4/10.3   4.60  62.62 269.58  1.41    7.44 264.46 260.74 280.26 244.57
    2  CSX  50.68    55    6.0/7.8/3.6   3.12  71.18  51.56  1.74    5.45  50.39  50.28  53.12  46.63
    2  JPM 357.26    25    4.8/5.4/2.1   3.05  56.50 366.50  2.59    2.52 359.90 355.63 363.18 328.68
    2 COKE 186.84    66 11.0/16.4/11.9   4.05  63.47 192.41  2.98   14.94 187.33 186.46 197.11 171.89
    2  CNO  53.30    48    3.9/4.7/4.5   4.57  72.22  55.60  4.32    7.45  54.49  54.20  56.91  49.04
    2 UMBF 146.10    29    6.6/7.5/4.1   5.38  74.63 153.32  4.94    4.71 148.57 147.04 151.49 134.41
    2 PNFP 101.67     6    5.6/9.1/6.2   6.90  54.49 108.40  6.62    7.85 105.29 104.60 108.52  93.54
    1  SJM 122.84     5    9.0/8.4/9.4   4.65  60.52 123.00  0.13    3.77 119.76 118.68 125.98 113.01
    1  SPG 223.18    33    5.3/7.3/8.8   2.77  33.69 223.65  0.21    6.42 222.27 223.38 236.13 205.33
    1  AHR  55.20    42   14.6/5.8/8.8   5.41  39.59  55.36  0.29    5.96  54.63  54.75  57.98  50.78
    1  ATR 132.93     2    6.1/6.4/7.2   3.77  61.85 134.44  1.14    9.52 133.04 132.60 138.25 122.30
    1  OMC  87.43    11 10.9/10.0/12.5   3.77  39.09  88.55  1.28    1.26  85.68  83.92  87.18  80.44
    1 WELL 235.73    57   4.5/4.5/11.8   3.30  33.99 238.85  1.32    7.63 234.91 235.22 251.76 216.87
    1  EOG 149.48    30   9.7/5.9/10.2   7.87  71.94 151.53  1.37    1.57 144.63 142.76 149.48 137.52
    1  ELV 398.45    34  5.8/10.7/16.2   4.28  53.89 404.72  1.57    8.66 394.74 392.75 399.98 366.57
    1 ROKU 156.80    76    9.8/2.9/3.1   5.41  23.58 159.69  1.84    1.81 154.21 150.36 157.59 144.26
    1 JAZZ 252.16    86    8.8/6.8/9.2   6.77  59.48 256.92  1.89    4.86 251.12 250.76 262.27 231.99
    1  CDP  36.82    40    4.7/4.9/6.9   2.46  51.98  37.55  1.98    5.35  36.99  37.05  38.60  33.87
    1  FAF  72.78    10   7.3/4.6/10.7   2.97  43.20  74.46  2.31    8.88  73.30  73.23  78.60  66.96
    1  PBF  73.91    94 18.5/15.2/21.2   9.13  57.96  75.68  2.39    2.34  71.21  67.36  73.67  68.00
    1   GM  84.96    62   13.1/4.9/6.3   4.50  64.70  87.35  2.81    7.50  85.89  85.32  89.91  78.16
    1   SW  48.71    15 16.8/11.7/14.1   6.32  72.07  50.19  3.04    7.48  48.34  47.68  50.90  44.81
    1 PCAR 127.47    35   16.6/5.1/6.8   3.64  66.26 131.69  3.31    8.45 130.27 130.04 137.54 117.27
    1  BNY 159.76    67    4.3/4.5/7.4   3.95  64.27 165.69  3.71    3.58 161.20 159.07 164.10 146.98
    1  FDX 328.38    77   11.4/5.2/5.8   4.50  59.01 341.69  4.05    4.92 326.64 322.25 337.29 302.11
    1  EMR 157.60    21  14.3/6.3/12.2   4.85  38.32 164.80  4.57    5.26 159.35 155.63 162.91 144.99
    1 NVDA 217.56    27 14.2/11.3/11.4   5.15  73.18 227.92  4.76    8.02 219.35 215.08 223.61 200.16
    1  DLR 192.35    16  12.7/5.7/10.8   6.96  73.47 201.56  4.79    7.59 194.63 192.08 203.92 176.96

  💡 VCP分: 3=3段递减 ✓  2=2段递减  1=仅窄幅整理
======================================================================

======================================================================
  📊 今日 VCP 扫描汇总
  🇺🇸 美股  🎯: 39 只
======================================================================
