======================================================================
  VCP 扫描器 v3 | 2026-09-02 23:30
  美股池: SP 900 (标普500+400)
  模式: 🔍 标准（趋势模板 + 多段评分）
======================================================================
  🗄️  检测到本地价缓存，跳过联网检测，直接离线扫描。

======================================================================
  【🇺🇸 美股】扫描开始
======================================================================
    读取 S&P 500...
      ✅ S&P 500: 已加载
    读取 S&P 400...
      ✅ S&P 400: 已加载
  ✅ SP 900 共 903 只（去重后）
  前10: MMM, AOS, ABT, ABBV, ACN, ADBE, AMD, AES, AFL, A

📊 扫描 903 只标的...

  📊 获取 SPY 基准...
     SPY 6月涨幅: 18.9%
  💾 检测到本地价缓存，直接离线取数（绕开 Yahoo 匿名限流）

======================================================================

🎯 🇺🇸 美股 发现 49 只 VCP 形态标的：

 VCP分   代码   当前价格  RS评级            收缩%  5日振幅%  缩量比例%  突破挂单价  距突破%  距52周高%  10EMA  21EMA    吊灯止损   硬止损价
    3  OXY  60.91    45   21.0/8.9/7.4   6.41  61.17  61.23  0.53    9.70  59.89  58.88   61.19  56.04
    3  ALL 259.34    37    8.0/7.2/5.2   2.33  63.56 262.19  1.10    6.45 258.81 258.88  272.83 238.59
    3  RNR 331.21    51   10.1/9.6/6.8   2.81  69.40 335.17  1.20    1.42 327.76 325.11  332.68 304.71
    3  APD 309.45     7    7.8/7.4/4.2   3.76  73.50 313.93  1.45    1.72 306.10 303.95  310.98 284.69
    3 COKE 195.26    79  16.4/11.9/5.2   5.99  68.50 198.49  1.65   11.10 192.90 190.58  195.96 179.64
    3  IFF  86.94    47  11.2/10.0/9.5   4.04  72.93  88.56  1.86    2.66  85.74  84.32   88.15  79.98
    3  AMP 551.85    10    7.0/5.2/4.5   4.11  72.36 563.51  2.11    3.62 554.16 552.05  569.01 507.70
    3  BDX 187.52    34    8.6/7.1/3.4   2.83  71.56 191.76  2.26    2.87 187.17 182.48  190.08 172.52
    3  TGT 163.36    83   12.7/8.2/6.2   4.34  62.75 167.13  2.31    4.33 161.94 157.37  167.88 150.29
    3 DXCM  89.69    18  14.7/11.8/5.5   5.52  38.06  92.34  2.95    3.13  89.73  87.70   91.40  82.51
    3  OSK 152.89    13   13.8/8.3/7.8   8.47  68.58 159.26  4.17   15.29 153.36 152.70  158.28 140.66
    3 AXTA  35.79    22   10.2/8.7/6.2   6.66  53.34  37.32  4.27    7.30  36.10  36.02   38.20  32.93
    3 ZBRA 351.11    19   11.2/9.6/9.3   7.37  68.17 367.18  4.58    9.09 356.17 349.28  375.20 323.02
    3  WEX 192.84    21  29.2/17.1/5.5   8.51  63.49 201.95  4.72    5.47 194.13 190.80  201.48 177.41
    3 AMZN 254.98    15  17.9/12.4/5.8   6.20  49.15 267.56  4.93   11.22 259.36 259.71  279.28 234.58
    2  FTI  79.67    89  11.4/13.4/8.4   8.82  70.63  80.30  0.79    1.09  77.35  76.04   79.10  73.30
    2  OVV  66.91    77   6.3/10.5/6.4   6.90  73.41  67.51  0.90    0.89  65.51  64.11   66.41  61.56
    2   PR  23.82    82   7.7/10.6/6.2   6.33  68.77  24.03  0.90    1.12  23.21  22.49   23.60  21.91
    2  ELV 405.84    35  10.7/16.2/4.8   4.99  74.78 410.29  1.10    6.97 399.82 397.18  405.77 373.37
    2 HSIC  90.39    51    6.1/6.9/4.2   3.85  68.50  91.39  1.11    1.94  89.56  88.91   91.45  83.16
    2  THG 227.12    39    7.5/9.7/8.1   2.37  74.53 229.84  1.20    3.79 226.03 224.76  233.90 208.95
    2 ABBV 261.72    30    7.1/9.8/5.5   5.02  63.45 265.00  1.25    2.15 259.85 257.37  264.04 240.78
    2  UNM  92.80    38    7.4/9.2/8.5   5.40  73.94  94.00  1.30    1.85  91.30  90.51   93.57  85.38
    2 VOYA 102.39    53    4.9/8.7/5.8   4.57  69.29 103.72  1.30    1.41 100.77 100.06  102.71  94.20
    2  KEX 141.62    75  12.0/14.9/4.6   5.91  54.72 143.50  1.33   10.19 139.88 138.99  141.84 130.29
    2   MU 956.08    99 29.0/27.1/14.3   6.90  51.41 969.44  1.40   23.82 941.97 934.06 1012.37 879.59
    2  TRV 366.18    47    6.9/7.3/2.8   2.85  61.73 373.55  2.01    8.16 367.48 367.95  383.44 336.89
    2  MSA 188.53    12    5.0/5.1/3.8   3.94  68.78 192.41  2.06    9.76 188.79 187.61  195.26 173.45
    2  AHR  56.21    49    5.8/8.8/4.5   4.68  54.86  57.46  2.22    4.24  56.01  55.64   56.88  51.71
    2  STT 190.04    81    6.1/6.3/4.7   4.94  56.49 195.93  3.10    3.01 190.11 188.53  194.23 174.84
    2  CRL 291.76    84   7.7/10.3/7.4   7.97  65.20 303.31  3.96    3.81 289.01 279.07  294.75 268.42
    1  CAH 245.49    78   4.9/9.4/11.9   5.36  65.98 246.02  0.22    4.96 237.34 235.38  254.82 225.85
    1  BMY  67.66    61    7.6/3.6/7.5   3.23  68.59  68.04  0.56    1.43  66.83  65.73   68.00  62.25
    1 AAPL 324.96    54   9.5/4.7/12.9   6.14  61.39 328.40  1.06    5.69 317.45 315.27  325.24 298.96
    1 KRYS 369.23    94  9.7/15.0/19.5   8.13  71.68 373.19  1.07    3.48 355.01 348.23  364.53 339.69
    1  PAG 218.06    25    6.5/2.0/2.5   2.61  41.80 221.00  1.35    3.94 217.51 215.99  220.70 200.62
    1 CHRD 149.58    58   21.2/9.7/9.7   9.87  64.68 151.77  1.46    2.24 145.76 142.29  150.20 137.61
    1  JPM 356.22    25    5.4/2.1/4.4   2.62  67.42 361.47  1.47    2.80 356.10 355.35  364.67 327.72
    1  KDP  32.59    14  7.7/11.4/13.5   4.72  62.43  33.09  1.53    3.64  31.86  31.46   32.63  29.98
    1  HOG  27.81     0  17.0/9.5/15.9   4.86  57.32  28.27  1.65   11.01  27.56  27.19   28.20  25.59
    1 MDLZ  62.45     2    4.2/8.3/9.0   3.59  69.09  63.49  1.67    6.30  62.69  62.62   64.99  57.45
    1  AIZ 284.07    46    5.9/4.4/9.7   3.69  59.25 289.25  1.82    6.54 283.66 283.00  300.58 261.34
    1 SBUX 106.72    29    6.7/6.1/6.8   3.18  73.34 108.74  1.89    3.43 106.61 106.27  109.52  98.18
    1 NVST  27.39    52    9.6/5.9/8.3   5.70  64.57  28.11  2.63    9.96  27.34  27.41   28.73  25.20
    1 EXPD 186.16    71   4.2/5.7/10.4   3.18  64.90 191.79  3.02    2.94 187.53 184.77  188.91 171.27
    1  BAX  25.70    11  10.1/9.7/14.2   6.32  64.35  26.76  4.12   14.33  26.07  25.96   28.02  23.64
    1   PM 187.94    20   7.5/7.3/11.3   6.45  59.91 196.66  4.64    9.54 189.29 189.22  195.22 172.90
    1  IVZ  31.72    65   10.2/4.5/6.2   6.59  61.79  33.65  6.08    5.74  32.29  31.87   33.20  29.18
    1  SCI  81.09     3   14.2/8.2/9.5   6.71  47.62  86.17  6.26   10.88  82.76  82.88   86.89  74.60

  💡 VCP分: 3=3段递减 ✓  2=2段递减  1=仅窄幅整理
======================================================================

======================================================================
  📊 今日 VCP 扫描汇总
  🇺🇸 美股  🎯: 49 只
======================================================================
