======================================================================
  VCP 扫描器 v3 | 2026-09-04 23:12
  美股池: SP 900 (标普500+400)
  模式: 🔍 标准（趋势模板 + 多段评分）
======================================================================
  🗄️  检测到本地价缓存，跳过联网检测，直接离线扫描。

======================================================================
  【🇺🇸 美股】扫描开始
======================================================================
    读取 S&P 500...
      ✅ S&P 500: 已加载
    读取 S&P 400...
      ✅ S&P 400: 已加载
  ✅ SP 900 共 903 只（去重后）
  前10: MMM, AOS, ABT, ABBV, ACN, ADBE, AMD, AES, AFL, A

📊 扫描 903 只标的...

  📊 获取 SPY 基准...
     SPY 6月涨幅: 19.0%
  💾 检测到本地价缓存，直接离线取数（绕开 Yahoo 匿名限流）

======================================================================

🎯 🇺🇸 美股 发现 87 只 VCP 形态标的：

 VCP分   代码   当前价格  RS评级            收缩%  5日振幅%  缩量比例%  突破挂单价  距突破%  距52周高%  10EMA  21EMA   吊灯止损   硬止损价
    3 UBSI  47.83    31    4.7/4.1/3.9   3.69  68.38  48.03  0.42    3.61  47.54  47.71  49.17  44.00
    3 ZBRA 362.74    21   11.2/9.6/9.3   6.73  54.38 365.00  0.62    6.08 357.20 351.59 381.20 333.72
    3  TGT 164.44    83   12.7/8.2/6.2   3.41  65.26 165.65  0.74    3.70 162.83 158.99 167.88 151.28
    3  OSK 157.08    16   13.8/8.3/7.8   8.29  42.96 159.00  1.22   12.97 154.42 153.45 158.07 144.51
    3  WEX 193.91    17  29.2/17.1/5.5   5.90  43.57 197.09  1.64    4.94 194.25 191.80 201.48 178.40
    3  ADM  84.61    48  16.1/14.3/9.5   9.04  64.63  86.11  1.77    4.35  82.77  81.78  84.94  77.84
    3 AMGN 437.23    68    6.8/5.7/4.7   4.65  66.20 445.82  1.96    2.19 436.87 427.47 441.81 402.25
    3  CVX 208.60    51   14.5/5.9/5.3   4.59  65.83 213.20  2.21    2.85 206.67 202.64 210.09 191.91
    3 BIIB 220.83    72   15.3/8.0/4.2   5.72  41.89 225.80  2.25    2.20 219.48 216.10 222.98 203.16
    3 AMZN 258.51    14  17.9/12.4/5.8   4.93  64.34 264.36  2.26    9.99 259.14 259.54 276.93 237.83
    3  ECL 279.28     3    7.1/7.0/5.2   4.02  74.83 286.31  2.52    9.70 281.89 281.66 292.83 256.94
    3 VRTX 546.12    53   12.0/5.7/4.2   5.26  54.09 560.25  2.59    2.52 546.77 535.06 551.23 502.43
    3 CPAY 416.37    45   11.8/6.6/4.5   6.38  53.45 427.46  2.66    2.59 411.80 406.45 422.91 383.06
    3  CNC  67.04    93   10.0/8.9/7.2   8.53  61.39  68.83  2.67    3.34  66.13  65.66  68.19  61.68
    3 USFD 104.04    46   11.4/6.4/5.0   5.04  52.46 107.67  3.49    6.62 105.99 105.96 110.41  95.72
    3  APD 301.27     6    7.8/7.4/4.2   4.57  58.41 313.93  4.20    4.32 305.18 304.04 311.85 277.17
    3  ZBH  98.07     0   10.3/8.0/7.4   6.21  60.52 102.86  4.88    8.24  99.37  98.70 101.89  90.22
    3 DXCM  87.90    10  14.7/11.8/5.5   5.35  48.91  92.34  5.05    5.07  89.49  88.11  91.40  80.87
    2  WCC 351.46    75   8.7/12.9/7.4   7.30  66.40 351.78  0.09    8.80 342.49 344.88 378.83 323.34
    2   MS 217.72    64  10.3/10.7/6.6   4.46  58.45 218.22  0.23    6.26 214.81 214.79 220.33 200.30
    2  MLI  63.74    42  8.0/23.2/15.9   5.50  57.47  63.93  0.30   10.38  63.08  63.69  69.84  58.64
    2  STT 194.26    81    6.1/6.3/4.7   4.65  59.33 195.40  0.59    0.85 191.62 189.79 194.34 178.72
    2  BNY 164.84    75    4.5/7.4/5.2   4.03  68.76 165.83  0.60    0.60 162.57 161.30 164.83 151.65
    2    C 137.72    59   9.2/12.2/8.0   6.41  52.35 138.55  0.60    6.92 134.79 134.51 139.60 126.70
    2 KEYS 327.21    88  11.8/16.3/4.7   5.71  42.45 329.80  0.79   12.74 323.85 326.05 359.64 301.03
    2 NTRS 186.63    63    4.5/8.6/6.8   3.86  73.70 188.14  0.81    4.67 185.98 185.77 194.12 171.70
    2 HALO 110.19    65 7.3/10.2/-22.5   7.42  47.61 111.15  0.87    0.86 107.90 103.63 107.91 101.37
    2  FTI  79.84    90  11.4/13.4/8.4   5.49  65.38  80.70  1.08    1.07  78.19  76.76  79.23  73.45
    2 VOYA 104.09    52    4.9/8.7/5.8   5.44  61.89 105.64  1.49    1.47 102.15 100.99 104.67  95.76
    2 EXPD 188.80    70   5.7/10.4/4.2   4.03  45.01 191.72  1.55    1.81 187.94 185.74 190.51 173.70
    2  THG 228.38    36    7.5/9.7/8.1   3.39  68.12 232.21  1.67    3.26 227.43 225.86 231.15 210.11
    2  KDP  32.59    18  11.4/13.5/3.6   4.97  45.34  33.17  1.78    3.64  32.18  31.73  32.66  29.98
    2 VRSN 292.08     6   9.8/10.5/5.0   4.29  64.82 297.73  1.93    6.53 290.02 287.61 297.03 268.71
    2  TRV 369.35    47    6.9/7.3/2.8   3.68  62.75 376.57  1.95    7.36 368.89 368.67 383.44 339.80
    2 LIVN  81.92    56  11.7/12.9/6.6   8.07  50.16  83.52  1.95    4.48  80.74  80.35  82.51  75.37
    2 SBRA  20.78    11   4.9/13.2/4.1   4.57  70.06  21.18  1.95    8.74  20.74  20.69  21.38  19.12
    2  HOG  28.30     1   9.5/15.9/5.9   7.05  52.18  28.86  1.98    9.44  27.75  27.39  28.48  26.04
    2 HSIC  89.81    37    6.1/6.9/4.2   4.19  62.99  91.69  2.09    2.57  89.80  89.20  91.21  82.63
    2  JNJ 275.23    69    8.9/8.9/4.6   6.00  52.32 281.07  2.12    2.08 271.90 268.34 278.12 253.21
    2  BMY  66.82    57    3.6/7.5/4.0   3.54  42.60  68.24  2.13    2.65  67.02  66.10  68.00  61.47
    2 ANET 193.78    51 12.6/14.9/12.1   9.22  56.58 197.99  2.17    9.82 192.50 191.22 208.02 178.28
    2  NOV  21.39    76  7.5/16.5/10.4   4.14  54.52  21.86  2.20    2.15  21.11  20.78  21.58  19.68
    2 INCY 126.75    62   7.1/12.7/7.0   6.90  60.31 130.00  2.56    4.41 126.50 124.98 129.09 116.61
    2  NUE 261.07    84  7.3/20.8/14.8   9.13  53.81 268.47  2.83    6.80 256.76 256.13 273.17 240.18
    2  DRI 216.88     4   8.9/12.9/8.2   4.44  50.16 223.17  2.90    5.61 217.54 216.55 227.19 199.53
    2   PR  23.36    80   7.7/10.6/6.2   4.70  67.01  24.04  2.91    3.03  23.31  22.71  23.61  21.49
    2 ABBV 256.46    25    7.1/9.8/5.5   4.72  73.77 264.25  3.04    4.12 258.99 257.46 264.04 235.94
    2   EW  89.90    13    7.1/8.9/5.5   5.15  62.86  92.95  3.39    6.64  90.37  90.21  93.23  82.71
    2 TWLO 232.98    91 24.9/21.6/16.5   8.11  70.09 241.01  3.45    9.82 232.25 228.12 250.26 214.34
    2  FHI  62.40    23    6.3/7.8/7.8   6.37  69.54  64.59  3.51    7.14  62.95  62.92  65.45  57.41
    2   PK  15.26    35    7.3/8.2/7.8   5.51  68.39  15.81  3.60    5.80  15.42  15.35  15.98  14.04
    2  BDX 184.74    28    5.0/8.6/7.1   4.19  72.24 191.76  3.80    4.31 186.97 183.60 190.76 169.96
    1 ALSN 131.24    60   5.7/9.5/10.5   8.95  46.98 131.37  0.10    4.64 127.76 126.17 132.48 120.74
    1  BWA  67.54    67   9.4/7.4/11.2   7.44  64.70  67.73  0.28   14.31  65.57  65.71  70.08  62.14
    1  SSB 107.98     7    5.2/4.1/7.5   4.48  48.21 108.40  0.39    3.76 106.62 106.68 111.24  99.34
    1  CNO  56.75    58    4.7/4.5/8.3   4.79  71.52  56.97  0.40    1.46  55.40  54.87  56.50  52.21
    1  TFC  51.65    12    6.8/3.6/8.4   5.77  64.13  51.89  0.46    8.10  50.88  51.10  53.02  47.52
    1  USB  63.37    40    4.3/3.6/7.0   4.79  61.54  63.71  0.54    4.10  62.78  62.94  65.48  58.30
    1 FCFS 225.62    67  16.8/7.2/11.2   6.89  56.35 226.84  0.54    5.57 220.80 218.17 234.60 207.57
    1  PAG 219.77    22    6.5/2.0/2.5   2.61  44.47 221.00  0.56    3.19 218.19 216.71 220.32 202.19
    1 ARWR  86.34    96  14.5/7.9/10.5   7.69  35.91  86.96  0.72    9.58  85.98  86.04  89.81  79.43
    1  IVZ  33.07    66   10.2/4.5/6.2   5.57  63.08  33.33  0.79    1.75  32.52  32.11  33.37  30.42
    1  DLR 188.39    20  5.7/10.8/10.8   5.79  67.00 190.15  0.93    9.49 188.11 189.35 199.08 173.32
    1  CLH 317.10    48    6.3/5.0/6.3   3.31  48.96 320.26  1.00    5.61 315.69 314.70 326.16 291.73
    1  JPM 358.64    27    5.4/2.1/4.4   2.56  63.32 362.86  1.18    2.14 357.53 356.34 364.67 329.95
    1  ITT 204.33    25   9.9/4.5/15.8   6.66  56.20 206.89  1.25   11.28 203.96 205.14 226.19 187.98
    1  SNX 262.64    82    8.4/6.9/8.1   7.70  59.20 266.19  1.35   11.41 256.41 255.22 263.60 241.63
    1  MRK 150.33    85    7.8/6.5/7.1   4.69  43.37 152.80  1.64    4.20 149.50 145.11 153.48 138.30
    1  RGA 253.27    43    5.3/4.4/4.7   5.82  69.77 257.81  1.79    1.76 249.34 246.11 255.33 233.01
    1   EG 380.87    15   12.3/4.8/9.2   3.86  68.60 388.03  1.88    5.04 378.19 375.52 384.92 350.40
    1 ROKU 155.59    78    2.9/3.1/3.4   2.81  74.54 158.85  2.10    2.69 156.85 155.09 158.54 143.14
    1  XYZ  82.76    11  9.9/11.0/11.5   9.88  49.49  84.56  2.17    4.79  82.15  81.64  85.79  76.14
    1 VTRS  16.88    76   7.5/7.1/13.6   7.20  58.73  17.28  2.37    8.21  16.73  16.68  18.10  15.53
    1 DINO 105.41    90  8.8/14.2/14.6   9.90  72.30 108.25  2.69    2.62 101.45  97.10 105.10  96.98
    1  BAX  25.83     8  10.1/9.7/14.2   5.52  53.68  26.56  2.83   13.90  25.94  25.92  27.70  23.76
    1  HUM 401.54    41  14.8/7.3/10.2   8.21  59.80 413.50  2.98    6.37 394.36 389.38 406.93 369.42
    1   LH 326.89    23  11.1/8.0/10.0   3.22  63.62 336.65  2.99    4.36 330.75 326.25 338.45 300.74
    1 LECO 276.44    17    6.5/4.9/8.9   6.89  52.37 285.08  3.13   10.83 277.92 277.46 289.68 254.32
    1  THC 265.05    50  14.5/6.9/10.4   7.92  49.80 273.58  3.22    6.36 265.88 262.30 279.69 243.85
    1 TRGP 290.05    85    8.1/5.8/7.8   4.08  46.15 299.48  3.25    5.81 291.33 287.03 301.93 266.85
    1 AAPL 319.97    46   9.5/4.7/12.9   5.76  72.02 330.81  3.39    7.14 319.51 316.77 327.37 294.37
    1 GRMN 277.03    22   8.7/7.0/14.7   6.90  61.22 286.50  3.42   11.85 282.94 285.67 309.02 254.87
    1 AVNT  43.40    18   11.1/6.9/7.5   5.80  45.64  44.89  3.43    6.95  43.68  43.21  45.85  39.93
    1 NVST  27.28    35    9.6/5.9/8.3   6.30  62.29  28.27  3.63   10.32  27.34  27.39  28.73  25.10
    1 CHRD 146.39    57   21.2/9.7/9.7   4.96  45.18 151.77  3.68    4.32 146.41 143.47 150.20 134.68
    1  ASH  72.93    45    9.0/7.2/8.5   7.07  49.20  76.02  4.24    6.80  73.73  73.22  77.43  67.10
    1  FCX  72.73    72  11.1/7.9/11.0   7.78  49.76  77.01  5.88    9.36  73.92  72.31  78.57  66.91

  💡 VCP分: 3=3段递减 ✓  2=2段递减  1=仅窄幅整理
======================================================================

======================================================================
  📊 今日 VCP 扫描汇总
  🇺🇸 美股  🎯: 87 只
======================================================================
