======================================================================
  VCP 扫描器 v3 | 2026-08-25 21:54
  美股池: SP 900 (标普500+400)
  模式: 🔍 标准（趋势模板 + 多段评分）
======================================================================
  🗄️  检测到本地价缓存，跳过联网检测，直接离线扫描。

======================================================================
  【🇺🇸 美股】扫描开始
======================================================================
    读取 S&P 500...
      ✅ S&P 500: 已加载
    读取 S&P 400...
      ✅ S&P 400: 已加载
  ✅ SP 900 共 903 只（去重后）
  前10: MMM, AOS, ABT, ABBV, ACN, ADBE, AMD, AES, AFL, A

📊 扫描 903 只标的...

  📊 获取 SPY 基准...
     SPY 6月涨幅: 18.7%
  💾 检测到本地价缓存，直接离线取数（绕开 Yahoo 匿名限流）

======================================================================

🎯 🇺🇸 美股 发现 111 只 VCP 形态标的：

 VCP分   代码    当前价格  RS评级            收缩%  5日振幅%  缩量比例%   突破挂单价  距突破%  距52周高%   10EMA   21EMA    吊灯止损   硬止损价
    3  PAG  219.76    29    7.5/6.5/2.0   1.78  50.93  219.99  0.10    3.19  217.75  215.15  225.64 202.18
    3  RNR  329.20    57   10.1/9.6/6.8   4.71  58.32  330.77  0.48    2.02  323.66  322.05  333.39 302.86
    3  IVZ   32.72    71  14.2/10.2/4.5   5.75  58.21   32.99  0.84    0.83   32.11   31.50   32.41  30.10
    3  WAB  296.94    73   11.0/6.2/4.8   3.56  62.71  300.00  1.03    3.16  296.02  293.16  304.49 273.18
    3 ARWR   88.88    97  20.4/14.5/7.9   5.51  44.82   90.21  1.50    6.92   87.64   86.53   89.91  81.77
    3  AMP  560.26    13    7.0/5.2/4.5   4.47  45.73  571.10  1.93    2.15  558.54  551.98  567.83 515.44
    3  WEX  199.71    27  29.2/17.1/5.5   6.21  59.29  203.99  2.14    2.10  195.99  189.19  200.36 183.73
    3 USFD  108.89    64   11.4/6.4/5.0   5.15  61.30  111.28  2.19    2.27  108.31  106.23  109.80 100.18
    3  PSA  322.67    19    8.3/3.3/3.1   3.16  69.68  329.87  2.23    3.84  324.07  323.88  332.37 296.86
    3  APD  303.85     6    7.8/7.4/4.2   4.41  64.84  311.00  2.35    3.50  303.69  301.85  308.84 279.54
    3  CFR  163.38    39    9.5/5.9/4.7   3.33  52.56  167.81  2.71    4.34  165.30  164.86  169.76 150.31
    3  ITW  281.65     9    6.8/5.1/4.4   3.19  55.74  289.88  2.92    7.10  285.33  285.51  299.53 259.12
    3  IEX  230.27    62    9.1/6.4/5.7   3.23  65.85  237.11  2.97    5.55  234.19  233.14  241.01 211.85
    3 ZBRA  360.52    21   11.2/9.6/9.3   6.03  60.91  371.49  3.04    6.66  362.44  346.88  372.11 331.68
    3  BAC   62.43    41   18.9/9.0/4.0   4.73  72.16   64.43  3.20    4.29   62.82   62.61   64.74  57.44
    3  ALL  257.62    43    8.0/7.2/5.2   5.43  53.33  266.57  3.47    7.07  258.92  258.92  274.45 237.01
    3 HOMB   29.90     4    4.7/4.5/3.8   4.51  58.13   31.14  4.15    5.68   30.47   30.56   31.48  27.51
    2  LYV  186.77    20    5.6/8.7/5.0   3.75  63.85  186.80  0.02    1.31  183.95  182.95  187.18 171.83
    2  NWS   35.15     6  4.8/11.6/10.1   6.98  59.81   35.19  0.10    0.45   33.94   33.14   34.77  32.34
    2   PK   16.17    61    7.3/8.2/7.8   4.62  59.38   16.19  0.12    0.12   15.57   15.25   15.97  14.88
    2  PLD  143.33    46   7.2/10.0/7.2   2.61  65.92  143.54  0.15    6.53  141.82  142.02  147.80 131.86
    2  BEN   35.03    61    0.6/9.1/8.4   3.95  43.68   35.13  0.30    3.45   34.27   33.99   35.82  32.23
    2 VRTX  552.85    66   6.7/12.0/5.7   4.35  48.37  555.69  0.51    0.51  534.88  518.85  545.44 508.62
    2  DOC   21.66    39    6.8/7.3/3.8   6.40  67.90   21.78  0.55    5.62   21.23   21.29   22.66  19.93
    2  DGX  244.51    58    7.1/8.3/3.3   3.63  73.27  246.00  0.61    0.61  240.50  235.60  243.61 224.95
    2 AXTA   36.40    24   5.6/10.2/8.7   3.50  51.87   36.63  0.63    5.72   36.28   36.00   38.00  33.49
    2   SN  183.80    76    7.0/9.6/7.2   4.21  47.23  184.99  0.65    3.88  181.82  176.35  186.67 169.10
    2  AMG  365.28    80   8.2/14.3/6.7   4.88  57.70  367.86  0.71    7.03  362.04  362.85  388.13 336.06
    2  NSC  351.24    44    5.9/8.3/3.8   3.18  61.10  354.24  0.85    2.05  345.51  341.15  351.35 323.14
    2  BNY  163.65    78    4.5/7.4/5.2   5.05  55.41  165.08  0.87    1.23  161.07  159.65  164.10 150.56
    2 BIIB  220.77    81   5.0/15.3/8.0   4.15  41.25  222.85  0.94    0.93  214.88  211.19  220.19 203.11
    2  CSX   51.51    79    6.0/7.8/3.6   3.32  52.32   52.00  0.95    3.90   50.96   50.64   53.12  47.39
    2  THG  227.12    51    7.5/9.7/8.1   5.66  63.25  229.28  0.95    3.79  224.53  223.42  233.90 208.95
    2  UNM   89.69    47    7.4/9.2/8.5   4.63  69.55   90.55  0.96    5.14   89.40   89.38   93.14  82.51
    2 AMGN  442.24    74    6.3/6.8/5.7   4.11  73.17  447.01  1.08    1.07  430.45  415.34  438.76 406.86
    2  HIG  138.22     7    3.7/6.7/2.9   2.94  48.22  140.00  1.29    5.37  138.32  138.96  144.93 127.16
    2  FDX  333.71    87    5.2/5.9/5.1   4.24  59.62  338.04  1.30    3.38  328.79  324.78  337.29 307.01
    2   SW   49.43    11  11.7/14.1/5.9   6.24  58.60   50.15  1.46    6.12   48.70   48.09   51.23  45.48
    2  BDX  189.78    41    5.0/8.6/7.1   6.36  54.42  193.07  1.73    1.70  185.77  179.05  188.98 174.60
    2 HSIC   89.65    49    6.1/6.9/4.2   4.13  63.47   91.29  1.83    2.74   89.11   88.34   91.20  82.48
    2 AMZN  261.06    23 17.9/12.4/10.5   3.64  50.16  266.40  2.05    9.10  262.34  260.68  280.26 240.18
    2  SYY   83.46     8    6.3/7.2/4.3   4.05  48.66   85.25  2.14    9.13   83.39   83.34   85.94  76.78
    2  DLR  192.32    23   5.7/10.8/8.6   7.04  61.00  197.18  2.53    7.60  192.79  191.85  199.59 176.93
    2  DRI  220.41    12   8.9/12.9/5.3   4.46  50.59  227.28  3.12    4.07  220.65  216.58  226.38 202.78
    2  VLO  340.41    94  11.6/11.9/8.1   3.80  58.51  353.00  3.70    3.57  339.50  327.93  346.01 313.18
    2  SSB  106.12    10    4.7/5.2/4.1   4.84  57.76  110.58  4.20    5.42  107.68  107.24  111.30  97.63
    2 GRMN  288.45    40    4.7/8.7/7.0   7.02  59.87  307.10  6.47    8.22  296.12  291.42  305.84 265.37
    2  CLH  308.48    42    4.6/6.3/5.0   6.59  56.53  328.68  6.55    8.17  316.05  314.21  331.84 283.80
    2  FTI   75.20    92  11.4/13.4/7.8   8.41  52.17   80.55  7.11    6.64   76.19   74.96   79.06  69.18
    2 CHRD  140.76    54  14.3/21.2/9.7   9.40  71.07  153.00  8.70    8.00  142.71  139.37  150.17 129.50
    1  CHD  102.56    18    6.2/5.9/7.7   6.53  62.83  102.56  0.00    3.28  100.57  100.23  103.24  94.36
    1  HUM  389.71    50  14.8/7.3/10.2   4.94  65.98  389.85  0.04    9.13  383.22  382.06  390.57 358.53
    1 ROKU  159.76    82    9.8/2.9/3.1   2.20  38.66  159.89  0.08    0.08  156.50  152.90  157.82 146.98
    1  CAH  237.92    80   4.9/9.4/11.9   4.60  60.24  238.15  0.10    7.89  233.75  233.19  254.41 218.89
    1 RVTY  124.84    59    8.8/7.0/8.2   8.40  69.15  124.97  0.10    0.10  120.56  117.55  122.98 114.85
    1   PM  193.92    25   7.5/7.3/11.3   3.99  51.97  194.26  0.18    6.66  190.09  189.30  205.06 178.41
    1  FHI   65.39    33    9.5/6.3/7.8   4.02  64.35   65.52  0.20    2.69   63.98   62.91   66.14  60.16
    1 SBRA   20.82    13   7.0/4.9/13.2   3.04  51.16   20.88  0.26    8.56   20.54   20.58   22.42  19.15
    1  PCG   18.36    35    3.9/5.2/8.5   5.44  69.49   18.41  0.27    4.18   17.83   17.65   18.26  16.89
    1  STT  192.95    82    6.1/6.1/6.3   5.77  53.26  193.51  0.29    1.14  189.00  187.01  192.94 177.51
    1 VRSN  293.75    14   9.0/9.8/10.5   8.74  73.12  294.79  0.35    5.99  284.69  283.31  299.38 270.25
    1  SCI   84.45    10   14.2/8.2/9.5   2.96  51.50   84.77  0.38    7.19   83.71   83.18   90.01  77.69
    1 ABBV  265.79    45    6.6/7.1/9.8   2.86  52.61  266.97  0.44    0.63  259.80  255.87  264.48 244.53
    1 KRYS  356.19    95  9.7/15.0/19.5   6.84  45.74  357.91  0.48    6.89  341.22  339.57  360.82 327.69
    1 EXPD  189.05    77   4.2/5.7/10.4   2.69  49.15  189.99  0.50    0.49  185.99  182.39  187.08 173.93
    1   EG  375.39    18   12.3/4.8/9.2   4.18  51.01  377.74  0.63    6.40  370.96  370.88  396.47 345.36
    1 WELL  241.15    67   4.5/4.5/11.8   3.62  54.68  242.78  0.68    5.51  237.58  236.61  251.76 221.86
    1 AVNT   44.62    32   11.1/6.9/7.5   4.24  68.99   44.95  0.74    4.33   44.18   42.69   45.38  41.05
    1  CDP   37.55    52    4.7/4.9/6.9   3.67  58.53   37.83  0.75    3.47   37.21   37.15   38.60  34.55
    1  TRV  369.66    59    7.3/6.9/7.3   3.84  55.25  372.65  0.81    7.28  368.77  368.52  394.18 340.09
    1 INCY  129.72    75  12.9/7.1/12.7   4.98  63.77  130.80  0.83    2.17  125.85  123.18  130.69 119.34
    1   KO   91.64    55    6.3/5.5/6.3   4.40  67.04   92.49  0.93    0.92   89.80   88.15   91.35  84.31
    1 BALL   64.08    34   9.7/6.3/10.0   4.71  49.42   64.68  0.94    6.16   63.17   62.98   66.78  58.95
    1 ACGL  100.56    17   10.7/6.8/9.5   3.65  56.07  101.58  1.01    6.10   99.56   99.53  105.94  92.52
    1  BMY   67.92    67    7.6/3.6/7.5   5.39  64.58   68.64  1.06    1.05   66.19   64.84   67.91  62.49
    1  AIZ  285.15    55    5.9/4.4/9.7   5.15  70.65  288.50  1.17    6.18  283.67  282.46  300.58 262.34
    1  ATR  134.72     2    6.1/6.4/7.2   4.16  59.23  136.34  1.20    8.30  133.81  133.16  138.43 123.94
    1  RGA  244.46    44    5.3/4.4/4.7   3.41  62.77  247.39  1.20    2.61  244.01  241.78  248.89 224.90
    1  JNJ  273.14    75    5.8/8.9/8.9   3.55  51.22  276.47  1.22    1.20  268.22  264.16  273.51 251.29
    1 INVH   30.21     3    4.6/4.5/4.6   2.46  67.78   30.59  1.27    3.57   30.16   30.09   30.72  27.79
    1 CTVA   83.05    20   8.4/5.4/18.1   7.40  68.81   84.20  1.38    8.71   80.13   80.29   89.10  76.41
    1  MET   95.87    30    3.7/4.0/5.3   4.10  57.69   97.20  1.39    5.01   95.82   95.58  100.07  88.20
    1  XYZ   82.72     9   7.7/9.9/11.0   5.90  56.60   83.95  1.49    4.65   81.26   80.75   85.67  76.10
    1  EIX   74.78    58   4.4/4.5/18.4   6.72  63.34   75.90  1.50    8.38   72.93   72.96   79.91  68.80
    1  OMC   88.20    21 10.9/10.0/12.5   4.97  51.87   89.57  1.55    1.53   86.99   85.21   88.08  81.14
    1  ASH   73.76    53    9.0/7.2/8.5   4.67  54.51   74.92  1.57    5.74   73.34   72.43   76.82  67.86
    1  JPM  356.69    31    5.4/2.1/4.4   3.62  48.54  363.05  1.78    2.68  356.95  355.21  363.92 328.15
    1  BAX   26.29    12  10.1/9.7/14.2   3.52  56.32   26.78  1.86   12.37   26.46   26.01   29.16  24.19
    1  PHM  130.86     4    6.1/7.4/7.5   5.78  54.10  133.32  1.88    9.44  129.56  129.40  135.06 120.39
    1 ALSN  131.62    70   12.9/5.7/9.5   8.94  73.32  134.14  1.91    4.36  127.97  124.64  131.61 121.09
    1  MSA  187.69    16   10.8/5.0/5.1   2.51  64.52  191.44  2.00   10.16  188.98  186.87  193.79 172.67
    1  ELV  398.87    46  5.8/10.7/16.2   3.35  67.30  406.99  2.04    8.57  397.52  394.95  401.99 366.96
    1  WTS  371.54    52    8.3/6.0/7.4   4.03  44.98  379.18  2.06    5.83  374.52  370.24  386.81 341.82
    1 EQIX 1073.44    60   11.6/5.7/9.4   6.85  70.42 1098.35  2.32    4.89 1069.80 1062.46 1096.99 987.56
    1 TXRH  203.28    26    5.6/4.1/7.5   4.02  73.57  208.00  2.32    6.02  204.66  203.72  214.03 187.02
    1 ANET  190.94    66 17.2/12.6/14.9   6.93  55.15  195.50  2.39   11.15  190.87  188.51  208.29 175.66
    1 PCAR  129.22    47   16.6/5.1/6.8   4.92  42.73  132.43  2.48    7.20  130.00  130.03  137.76 118.88
    1  CSL  363.27     1  6.3/10.7/10.9   6.39  74.88  372.74  2.61   16.09  365.77  364.91  385.00 334.21
    1  SWK   98.46    51   10.8/6.6/7.3   4.35  65.99  101.27  2.85    5.94   99.52   98.43  102.97  90.58
    1  KDP   31.84    15  7.7/11.4/13.5   6.91  44.64   32.78  2.95    5.85   31.39   31.07   32.63  29.29
    1   GM   85.81    68   13.1/4.9/6.3   5.53  68.67   88.36  2.97    6.58   86.31   85.75   90.91  78.95
    1 ARMK   59.08    71    6.0/5.6/6.0   3.91  63.47   61.19  3.57    5.70   59.53   58.87   61.81  54.35
    1 FAST   50.31     5   6.0/6.6/10.1   3.85  53.87   52.15  3.66    4.93   50.92   50.22   52.17  46.29
    1  PKG  246.54    26   12.3/6.0/8.5   4.05  71.10  255.60  3.67    5.17  250.94  249.67  258.08 226.82
    1  AME  241.77    48    4.5/7.4/9.1   6.52  73.54  252.87  4.59    7.42  245.35  245.78  258.07 222.43
    1  EOG  146.83    33   9.7/5.9/10.2   4.76  67.39  153.67  4.66    4.45  147.64  145.16  151.37 135.08
    1  HPE   53.44    94 19.3/14.4/19.1   9.04  58.66   55.94  4.68   16.82   53.99   52.94   61.15  49.16
    1 BMRN   66.12    24    5.3/6.6/8.8   7.59  67.66   69.62  5.29    6.85   66.48   65.08   69.61  60.83
    1 DINO   93.24    91  8.8/14.2/14.6   6.74  50.23   98.39  5.52    5.23   93.16   90.59   96.36  85.78
    1   OC  146.61     2   14.9/8.6/8.9   6.41  57.55  154.99  5.72    8.32  149.40  148.58  156.98 134.88
    1  ITT  205.98    32   9.9/4.5/11.2   7.10  64.45  219.09  6.36   10.57  209.91  207.92  225.52 189.50

  💡 VCP分: 3=3段递减 ✓  2=2段递减  1=仅窄幅整理
======================================================================

======================================================================
  📊 今日 VCP 扫描汇总
  🇺🇸 美股  🎯: 111 只
======================================================================
