# VCP 美股扫描结果（最新）
# 数据来源: 本地价缓存扫描（SP500+SP400，共 902 只，绕过 Yahoo 匿名限流）
# 扫描日: 2026-10-09
# 列: VCP分 代码 当前价格 RS评级 收缩% 5日振幅% 缩量比例% 突破挂单价 距突破% 距52周高% 放量突破 10EMA 21EMA 吊灯止损 ATR止损

命中 22 只，按距突破百分比升序（越靠前越接近突破）：

| VCP分 | 代码 | 当前价格 | RS评级 | 收缩% | 5日振幅% | 缩量比例% | 突破挂单价 | 距突破% | 距52周高% | 放量突破 | 10EMA | 21EMA | 吊灯止损 | ATR止损 |
|------|------|---------|-------|-------|---------|---------|-----------|--------|---------|---------|-------|-------|---------|--------|
| 1 | V | 372.1 | 6 | 4.6/4.3/5.2 | 5.01 | 69.59 | 374.62 | 0.68 | 3.49 | | 367.24 | 367.72 | 374.85 | 342.33 |
| 1 | SN | 184.87 | 74 | 9.6/7.2/19.3 | 3.37 | 54.77 | 186.32 | 0.79 | 4.97 | | 181.51 | 178.51 | 182.99 | 170.08 |
| 2 | EBAY | 107.6 | 15 | 5.9/8.9/7.9 | 3.86 | 60.21 | 108.68 | 1.0 | 9.81 | | 107.13 | 107.2 | 112.06 | 98.99 |
| 3 | MANH | 206.78 | 4 | 12.9/11.5/7.7 | 4.26 | 51.37 | 209.02 | 1.08 | 8.92 | | 204.56 | 205.51 | 212.59 | 190.24 |
| 3 | ZBRA | 386.05 | 24 | 11.2/9.6/9.3 | 5.39 | 70.75 | 390.8 | 1.23 | 1.22 | | 375.4 | 367.37 | 384.62 | 355.17 |
| 1 | PSX | 271.62 | 75 | 6.4/5.4/10.3 | 9.21 | 62.77 | 275.8 | 1.54 | 1.98 | | 264.37 | 259.88 | 273.87 | 249.89 |
| 2 | NTNX | 73.11 | 5 | 10.8/12.3/6.8 | 3.46 | 65.69 | 74.3 | 1.63 | 1.76 | | 71.88 | 70.33 | 73.27 | 67.26 |
| 1 | XOM | 164.05 | 44 | 6.3/7.9/8.1 | 3.76 | 68.7 | 166.86 | 1.71 | 7.01 | | 163.32 | 162.71 | 168.07 | 150.93 |
| 1 | COP | 129.84 | 41 | 7.5/5.8/12.8 | 6.35 | 71.25 | 132.12 | 1.76 | 8.32 | | 128.41 | 129.18 | 139.56 | 119.45 |
| 1 | DVN | 47.88 | 37 | 8.2/7.2/8.3 | 6.95 | 49.6 | 48.93 | 2.19 | 9.16 | | 47.66 | 47.75 | 51.0 | 44.05 |
| 1 | CVX | 205.15 | 29 | 5.9/5.3/7.8 | 4.05 | 66.54 | 210.14 | 2.43 | 5.8 | | 206.31 | 206.42 | 215.85 | 188.74 |
| 1 | NVDA | 237.47 | 19 | 11.4/9.1/11.0 | 6.67 | 68.02 | 243.37 | 2.48 | 2.42 | | 232.61 | 228.11 | 239.46 | 218.47 |
| 1 | CORT | 119.6 | 30 | -53.5/10.8/14.3 | 9.71 | 47.72 | 122.81 | 2.68 | 5.36 | | 117.41 | 115.94 | 121.16 | 110.03 |
| 3 | APH | 87.55 | 34 | 14.2/14.1/9.2 | 7.53 | 74.58 | 89.93 | 2.72 | 2.65 | | 85.73 | 83.89 | 88.43 | 80.55 |
| 1 | OKTA | 220.21 | 82 | 24.8/17.8/18.4 | 7.63 | 68.24 | 226.44 | 2.83 | 2.75 | | 211.72 | 200.1 | 219.59 | 202.59 |
| 1 | JCI | 155.93 | 43 | 9.9/6.9/12.4 | 7.89 | 57.16 | 160.41 | 2.87 | 2.79 | | 152.83 | 149.51 | 157.61 | 143.46 |
| 3 | DT | 59.81 | 17 | 13.0/10.0/9.6 | 5.7 | 74.82 | 61.58 | 2.96 | 2.87 | | 58.91 | 57.02 | 60.21 | 55.03 |
| 1 | ADI | 410.08 | 64 | 16.8/8.5/12.3 | 7.3 | 68.97 | 422.67 | 3.07 | 8.04 | | 404.69 | 393.3 | 415.11 | 377.27 |
| 1 | APA | 43.81 | 69 | 9.5/10.2/13.1 | 9.34 | 62.93 | 45.17 | 3.1 | 7.65 | | 43.5 | 43.39 | 46.73 | 40.31 |
| 2 | DDOG | 271.34 | 54 | 14.1/23.0/19.3 | 5.49 | 38.03 | 285.68 | 5.28 | 7.3 | | 268.76 | 257.99 | 276.31 | 249.63 |
| 1 | SNX | 267.46 | 62 | 6.9/8.1/18.7 | 7.52 | 73.03 | 284.66 | 6.43 | 10.48 | | 270.33 | 267.61 | 292.44 | 246.06 |
| 1 | LRCX | 329.51 | 82 | 13.8/13.5/17.6 | 9.79 | 70.59 | 352.56 | 7.0 | 24.86 | | 328.01 | 318.39 | 342.65 | 303.15 |
