======================================================================
SP500+SP400 VCP 信号 (sp900)
======================================================================

  VCP 扫描器 v3 | 2026-09-30
  数据源: 本地价缓存（绕过 Yahoo 匿名限流）
  市场: us | 股票池: sp900 (SP500+SP400) | 命中: 26 只

  VCP 形态标的（按距突破%升序，越靠前越接近突破）：

| VCP分 | 代码 | 当前价格 | RS评级 | 收缩% | 5日振幅% | 缩量比例% | 突破挂单价 | 距突破% | 距52周高% | 10EMA | 21EMA | 吊灯止损 | ATR止损 |
|------|------|---------|-------|-------|---------|---------|-----------|--------|---------|-------|-------|---------|--------|
| 2 | TER | 401.3 | 91 | 20.6/26.6/15.4 | 8.51 | 69.06 | 401.97 | 0.17 | 17.75 | 382.95 | 374.98 | 393.34 | 369.2 |
| 2 | TXN | 278.31 | 49 | 17.4/16.0/11.9 | 4.78 | 74.18 | 279.33 | 0.37 | 16.68 | 270.86 | 268.27 | 275.78 | 256.05 |
| 1 | VRTX | 527.67 | 29 | 12.0/5.7/10.6 | 4.28 | 71.29 | 529.89 | 0.42 | 5.82 | 521.25 | 522.57 | 553.52 | 485.46 |
| 1 | PFE | 28.72 | 5 | 3.9/4.7/6.7 | 5.02 | 69.34 | 28.87 | 0.52 | 1.68 | 28.2 | 27.96 | 28.99 | 26.42 |
| 1 | SLAB | 221.03 | 61 | 0.9/0.9/2.5 | 0.73 | 49.26 | 222.36 | 0.6 | 0.66 | 220.84 | 220.28 | 221.85 | 203.35 |
| 1 | LFUS | 429.21 | 60 | 16.6/6.2/9.9 | 6.79 | 73.74 | 432.14 | 0.68 | 14.26 | 418.99 | 417.7 | 428.9 | 394.87 |
| 3 | EXEL | 58.37 | 38 | 12.3/8.7/4.9 | 5.03 | 54.58 | 59.09 | 1.23 | 2.26 | 57.73 | 57.16 | 59.01 | 53.7 |
| 1 | ARW | 230.46 | 74 | 15.6/9.5/9.8 | 7.0 | 61.83 | 233.94 | 1.51 | 2.89 | 223.96 | 219.3 | 230.2 | 212.02 |
| 1 | KEYS | 359.74 | 80 | 16.3/4.7/8.2 | 8.23 | 70.4 | 366.88 | 1.99 | 4.06 | 347.11 | 338.91 | 360.58 | 330.96 |
| 2 | AAPL | 338.4 | 26 | 4.7/12.9/3.2 | 3.3 | 71.35 | 345.34 | 2.05 | 2.01 | 335.96 | 330.71 | 341.26 | 311.33 |
| 1 | EXPD | 188.58 | 51 | 10.4/4.2/5.8 | 5.1 | 74.0 | 192.71 | 2.19 | 3.09 | 188.39 | 188.16 | 193.31 | 173.49 |
| 2 | FCFS | 216.95 | 33 | 7.2/11.2/9.1 | 4.62 | 71.03 | 223.13 | 2.85 | 9.2 | 218.37 | 218.98 | 229.43 | 199.59 |
| 2 | FTNT | 176.33 | 81 | -1.8/15.6/13.9 | 6.97 | 58.99 | 181.37 | 2.86 | 2.78 | 173.23 | 168.94 | 178.01 | 162.22 |
| 2 | THC | 257.93 | 20 | 6.9/10.4/8.0 | 6.74 | 55.66 | 265.64 | 2.99 | 8.87 | 259.26 | 260.55 | 270.77 | 237.3 |
| 2 | SAIC | 130.93 | 24 | 4.6/14.0/5.0 | 4.67 | 56.99 | 135.29 | 3.33 | 8.22 | 131.69 | 130.27 | 140.39 | 120.46 |
| 3 | ANET | 204.92 | 37 | 14.9/12.1/7.3 | 6.66 | 56.35 | 212.0 | 3.46 | 4.64 | 202.33 | 198.68 | 208.51 | 188.53 |
| 1 | NTNX | 68.7 | 1 | 20.0/10.8/12.3 | 7.29 | 69.64 | 71.08 | 3.46 | 11.81 | 68.68 | 67.91 | 73.38 | 63.2 |
| 1 | FCX | 71.96 | 69 | 11.1/7.9/14.8 | 7.83 | 67.31 | 74.9 | 4.09 | 10.32 | 72.16 | 72.08 | 78.38 | 66.2 |
| 2 | HAE | 105.79 | 83 | 6.3/8.8/8.3 | 5.59 | 66.14 | 110.28 | 4.24 | 4.22 | 106.18 | 104.57 | 109.32 | 97.33 |
| 1 | DXCM | 86.68 | 22 | 11.8/5.5/10.9 | 6.0 | 73.7 | 90.39 | 4.28 | 6.38 | 87.41 | 87.31 | 91.2 | 79.75 |
| 3 | DE | 689.59 | 49 | 8.4/7.7/5.7 | 5.9 | 64.21 | 721.22 | 4.59 | 4.39 | 689.57 | 677.91 | 709.4 | 634.42 |
| 2 | HPE | 62.63 | 88 | 19.1/18.1/11.5 | 8.61 | 73.73 | 65.65 | 4.82 | 4.6 | 61.07 | 58.79 | 63.38 | 57.62 |
| 2 | MU | 1053.98 | 98 | 27.1/14.3/13.4 | 7.64 | 69.32 | 1108.72 | 5.19 | 16.02 | 1040.37 | 1008.09 | 1085.3 | 969.66 |
| 2 | SWKS | 87.59 | 6 | 18.6/30.0/10.9 | 8.3 | 51.96 | 92.8 | 5.95 | 5.61 | 87.34 | 82.86 | 89.58 | 80.58 |
| 1 | CNH | 13.26 | 15 | 16.6/8.2/8.2 | 8.96 | 56.61 | 14.11 | 6.41 | 8.3 | 13.4 | 13.12 | 14.11 | 12.2 |
| 1 | BBY | 89.91 | 12 | 8.8/13.4/15.0 | 9.54 | 73.33 | 96.53 | 7.36 | 6.86 | 91.29 | 90.2 | 94.28 | 82.72 |
